
$orca_hessian_file

$act_atom
  0

$act_coord
  0

$act_energy
        0.000000

$multiplicity
  1

$hessian
48
                    0                  1                  2                  3                  4        
    0      6.4590105105E-01   3.6012392481E-02   1.0965632256E-03  -2.7701238397E-01  -2.5172868142E-02
    1      3.6012392481E-02   7.3078063919E-01   4.9863764375E-03  -7.7884063677E-02  -9.7251376145E-02
    2      1.0965632256E-03   4.9863764375E-03   1.2408362388E-01  -1.2793080921E-03  -5.5667864924E-04
    3     -2.7701238397E-01  -7.7884063677E-02  -1.2793080921E-03   6.6079974478E-01   1.4722220065E-01
    4     -2.5172868142E-02  -9.7251376145E-02  -5.5667864924E-04   1.4722220065E-01   8.4172682003E-01
    5     -3.7157531930E-04  -2.3610295764E-04  -6.4519308349E-02   2.0901304835E-03   7.5331062135E-03
    6     -1.7148752219E-01   6.3836702547E-02   3.2040936446E-04  -2.5451685067E-02   1.6465671093E-02
    7      6.5634574629E-02  -1.3093989532E-01  -3.8887330702E-04   2.8833070562E-03   1.1741229241E-02
    8      1.7724631334E-04  -2.9363179480E-04  -5.8620650450E-02   1.1563500699E-04   1.8099464701E-04
    9     -2.1848534138E-02  -3.8146608340E-03   1.7642019863E-02   2.8319679213E-03   4.3630395798E-03
   10      1.4325954098E-02   2.7355227220E-03  -1.7297466779E-02  -1.1417962682E-03  -3.4874324713E-03
   11      1.2295466445E-03   1.5433322297E-04   4.0369757149E-03  -2.4610999447E-03  -1.2536670110E-03
   12     -2.1699767012E-02  -3.3187161891E-03  -1.7989789210E-02   2.8988617735E-03   4.3893732778E-03
   13      1.4210167376E-02   2.2312918164E-03   1.7430772292E-02  -1.2070705939E-03  -3.5004116670E-03
   14     -1.2630013031E-03  -1.6790136964E-04   4.2094584074E-03   2.4563772189E-03   1.2317349567E-03
   15      1.4316171363E-02   2.1365337983E-02   2.8975058623E-04   1.1321303047E-04   2.8932640193E-03
   16     -1.2588014369E-02  -1.8422721493E-02  -2.5717417789E-04  -1.7321875184E-03  -3.6244816868E-03
   17     -5.9699952878E-05   3.1101317157E-06  -2.9002884620E-03  -1.7836600821E-05  -4.8088032298E-05
   18     -1.1027300781E-01  -6.7135953582E-02  -4.6846164545E-04  -1.2159598827E-02  -3.0920486270E-02
   19     -8.5931345892E-02  -4.5491167727E-01  -3.5511184758E-03   2.1470580756E-02  -3.0707438674E-02
   20     -6.5514105482E-04  -4.2491881276E-03  -3.4571359355E-02   1.0283959727E-04  -3.2394824827E-04
   21     -1.6207113554E-03  -2.8387093868E-02  -2.5865876936E-04  -1.7669762344E-01  -1.6332360346E-01
   22     -2.2925256875E-02  -1.6271105758E-03   7.8444828538E-05  -1.5804994133E-01  -5.0388913646E-01
   23     -2.4210127513E-04  -2.1477338695E-04   1.2369206806E-02  -1.9364293868E-03  -4.9459030859E-03
   24     -4.8850876535E-02   4.2384537357E-02   4.8025743195E-04  -2.0677222315E-01   3.8944938301E-02
   25      1.6017568572E-02  -3.1343466976E-02  -5.7601544115E-04   8.5640235713E-02  -1.5915572427E-01
   26      1.4386218296E-04  -4.2787243413E-04   1.4494986238E-02   8.4477181309E-04  -1.2904678414E-03
   27     -9.0370614020E-03   2.2426101608E-02   2.4806971690E-04   3.6941937031E-02   1.2844939328E-02
   28      3.3406780030E-03   3.7556249784E-03   3.6947782387E-05  -1.2468649490E-02  -5.0604309399E-02
   29      3.5241999113E-05  -2.0736786210E-05   1.1347615204E-03  -1.6842007039E-04  -5.4594577650E-04
   30      6.8620760329E-04   9.7777019838E-04   4.1118698574E-05   6.6956542792E-04   1.6628954772E-02
   31     -5.2729502970E-04   1.5621974844E-04   1.2149620784E-05   3.7760901656E-03  -5.2875083546E-03
   32     -2.5018058471E-06   1.6152996464E-05  -3.3673898425E-04   4.0737686145E-05   1.5281725674E-04
   33      2.8836822723E-04  -6.2521135456E-04  -1.3896951516E-05  -3.9549948340E-03   2.2386268969E-03
   34      2.3439940493E-04  -7.8373183863E-05  -4.6085555685E-08   4.1741223273E-04   3.4639561813E-03
   35      8.5017659727E-06  -9.9428445411E-06   9.5180813976E-05  -2.6862827988E-05   4.7459338604E-05
   36     -1.1224987783E-03  -1.1845429990E-03  -4.6801742645E-05  -2.1160416684E-04  -2.6079007572E-02
   37      4.6616590899E-04  -2.6432057561E-04  -2.3435857904E-05  -8.5688531945E-03   1.2734702774E-03
   38     -3.3264465982E-06  -7.9025038750E-06   7.0486277770E-04  -7.5991825714E-05  -2.7547484764E-04
   39     -6.0894477469E-03   1.0122953138E-02   4.3225518544E-04   3.2698033422E-03   5.9219249866E-04
   40     -1.1926204029E-03   5.0263991101E-03  -2.2844907117E-05   2.4425907509E-03   5.0753812445E-04
   41      1.0682926884E-03  -2.0346864487E-03   2.0744455261E-04  -4.7509986796E-04  -7.8729667541E-05
   42      3.6939165968E-05  -5.8000154129E-04  -1.1649472552E-04  -4.0160435437E-04  -3.5688879687E-04
   43     -2.9655724070E-05  -1.9669563546E-04   8.1900338442E-05  -6.4671615409E-04  -1.4918211902E-04
   44     -7.6441271915E-05   4.2724047886E-04   7.4566478869E-05   2.5724544118E-04   1.4270779884E-04
   45      7.8130735292E-03  -1.4223168688E-02  -3.7986590313E-04  -4.8633754873E-03  -5.2850820986E-04
   46     -1.8472266200E-03  -9.6500603913E-03   4.4550997023E-05  -2.3549770644E-03  -1.0560126168E-03
   47     -1.0826334229E-03   2.0780367708E-03  -4.6272159335E-04   5.3105191880E-04   2.8895124137E-05
                    5                  6                  7                  8                  9        
    0     -3.7157531930E-04  -1.7148752219E-01   6.5634574629E-02   1.7724631334E-04  -2.1848534138E-02
    1     -2.3610295764E-04   6.3836702547E-02  -1.3093989532E-01  -2.9363179480E-04  -3.8146608340E-03
    2     -6.4519308349E-02   3.2040936446E-04  -3.8887330702E-04  -5.8620650450E-02   1.7642019863E-02
    3      2.0901304835E-03  -2.5451685067E-02   2.8833070562E-03   1.1563500699E-04   2.8319679213E-03
    4      7.5331062135E-03   1.6465671093E-02   1.1741229241E-02   1.8099464701E-04   4.3630395798E-03
    5      1.6181035891E-01   3.3807143306E-05   7.9904317878E-05   2.6614382366E-03   1.5647305421E-03
    6      3.3807143306E-05   5.1650291745E-01   5.0869014296E-02   2.3572183758E-04  -1.2652636238E-01
    7      7.9904317878E-05   5.0869014296E-02   5.4981431409E-01   5.9066821403E-04  -2.4189109286E-02
    8      2.6614382366E-03   2.3572183758E-04   5.9066821403E-04   5.1638090355E-01   1.2361628027E-01
    9      1.5647305421E-03  -1.2652636238E-01  -2.4189109286E-02   1.2361628027E-01   1.4230410482E-01
   10     -7.7751005846E-04  -2.2911811581E-02  -5.0588102668E-02   3.0522617562E-02   2.2437898638E-02
   11     -6.6525282368E-04   1.2039471438E-01   3.2268039344E-02  -2.1011220585E-01  -1.3289378683E-01
   12     -1.4708637153E-03  -1.2343848416E-01  -2.1287834573E-02  -1.2302025282E-01   9.9724975220E-03
   13      7.2784953676E-04  -2.0043020211E-02  -4.9312076503E-02  -2.7290563675E-02   2.6917124387E-03
   14     -6.2184308815E-04  -1.1983033531E-01  -2.9046896839E-02  -2.1455920368E-01  -1.4666035792E-02
   15      3.6134093667E-05  -8.1554514354E-02  -9.5103267808E-02  -1.2132599486E-03  -6.0608625417E-03
   16     -2.8864329119E-05  -8.8885271011E-02  -2.8689434367E-01  -3.0876998994E-03   6.9911639156E-05
   17      1.7161067338E-04  -1.1568603773E-03  -3.1331454516E-03  -4.5929029486E-02   7.6036664093E-03
   18     -1.6449536603E-04   1.2593064660E-02   2.8735318807E-02   2.1105392886E-04   3.0661388218E-03
   19     -3.6279864720E-04  -1.4273578350E-03  -4.0863435324E-02  -4.3808215041E-04  -5.5421139618E-04
   20      8.1336613299E-03   5.5811401637E-06  -2.3223695078E-04   5.2520896760E-03  -1.6642127593E-03
   21     -1.9894681654E-03   1.3944958793E-03  -2.8181646139E-04  -1.5965218186E-06  -1.2102967419E-03
   22     -5.1085896439E-03   4.6950869834E-03  -4.5366213157E-03  -1.1549013782E-04  -2.3614561597E-03
   23     -5.8239746604E-02   5.2658688461E-05  -4.3940926052E-05  -5.8025013970E-04  -1.5873604030E-04
   24      2.0872831595E-04  -2.9648865995E-03  -5.1947774099E-03  -4.9678538112E-05  -2.2567512782E-03
   25     -1.1226240382E-03  -1.9261105967E-03   3.7486420543E-03  -1.7164067508E-06   1.6947333527E-03
   26     -5.0278638008E-02  -2.0259079263E-05  -1.1393796239E-05   5.7623039222E-03  -1.2753841729E-03
   27      2.4515237930E-04   5.5580712342E-04  -2.4921300933E-03  -1.2050819154E-05  -3.9775516300E-04
   28     -6.5482143569E-04  -6.1738433349E-04  -2.0257007440E-03  -1.1163298570E-05  -4.9243245316E-04
   29      2.5750144061E-04  -1.8156711208E-05  -1.9067714001E-05   6.6649032973E-05   1.3325821021E-04
   30      1.8927653972E-04   2.7916628073E-04  -2.3005742126E-04  -5.5922632743E-06  -3.8112259091E-04
   31     -2.6404491685E-05  -1.1664960239E-04  -1.1637129659E-04  -1.8533859713E-06  -4.6148509106E-05
   32     -9.1303208934E-04   1.6714983038E-06  -2.9870888737E-06  -1.9400491639E-05  -4.9267484975E-05
   33      5.0070255285E-06   1.2149826490E-05   1.2529790560E-04   2.1637923156E-06   1.2892213543E-04
   34      3.5517061023E-05   7.0898837890E-05   3.2941532137E-05  -1.3130988299E-06   1.1242189518E-05
   35      5.3080507374E-04   1.4262414818E-06   9.3301741262E-07   4.2925158102E-05   1.1405024133E-05
   36     -2.9978023709E-04  -4.0813999551E-04   2.5786774019E-04   6.7652024248E-06   4.8072225420E-04
   37     -4.7137088216E-05   8.3253266527E-05   9.0385123948E-05   2.3216731849E-06   5.7977295628E-05
   38      1.0892875989E-03  -8.1953185670E-07   3.6458552076E-06  -1.9652259873E-05   5.4749430423E-05
   39     -2.3697952403E-04   2.2234359054E-04  -4.9173330816E-04   2.9208560912E-04   2.1103447851E-04
   40     -1.3407058278E-04   6.8666094347E-04  -6.7127231488E-04  -4.2676614529E-04  -6.6270706185E-05
   41     -4.4214786762E-04  -4.6545177422E-06   8.8898479302E-05  -5.7710733924E-04  -2.7811873289E-04
   42      1.5240069921E-04   2.4891151714E-05   5.5821776928E-05  -9.3352455537E-05   3.1936532287E-05
   43      1.0356302931E-04  -1.6635464085E-04   2.3353280106E-05   3.6737148585E-04   1.6684020200E-04
   44     -3.1691617215E-05  -1.2782742923E-05  -6.0280376273E-05  -2.6102386749E-06   2.6376087959E-05
   45      1.0054555467E-05   2.4675877676E-04   6.8574476583E-04  -2.6330443350E-04  -3.4563965248E-04
   46      2.0170938554E-05  -5.8954876976E-04   4.9695382889E-04   5.8693667054E-06   1.6537966032E-05
   47      1.0569971868E-03   1.3815821259E-08  -9.4829733626E-05   2.5380035246E-04   3.3638849693E-04
                   10                 11                 12                 13                 14        
    0      1.4325954098E-02   1.2295466445E-03  -2.1699767012E-02   1.4210167376E-02  -1.2630013031E-03
    1      2.7355227220E-03   1.5433322297E-04  -3.3187161891E-03   2.2312918164E-03  -1.6790136964E-04
    2     -1.7297466779E-02   4.0369757149E-03  -1.7989789210E-02   1.7430772292E-02   4.2094584074E-03
    3     -1.1417962682E-03  -2.4610999447E-03   2.8988617735E-03  -1.2070705939E-03   2.4563772189E-03
    4     -3.4874324713E-03  -1.2536670110E-03   4.3893732778E-03  -3.5004116670E-03   1.2317349567E-03
    5     -7.7751005846E-04  -6.6525282368E-04  -1.4708637153E-03   7.2784953676E-04  -6.2184308815E-04
    6     -2.2911811581E-02   1.2039471438E-01  -1.2343848416E-01  -2.0043020211E-02  -1.1983033531E-01
    7     -5.0588102668E-02   3.2268039344E-02  -2.1287834573E-02  -4.9312076503E-02  -2.9046896839E-02
    8      3.0522617562E-02  -2.1011220585E-01  -1.2302025282E-01  -2.7290563675E-02  -2.1455920368E-01
    9      2.2437898638E-02  -1.3289378683E-01   9.9724975220E-03   2.6917124387E-03  -1.4666035792E-02
   10      4.9977968524E-02  -3.5143525020E-02   2.4197910769E-03   1.8600342743E-05  -4.1053523839E-03
   11     -3.5143525020E-02   2.2780080305E-01   1.5166616766E-02   4.6591342959E-03  -2.2251319107E-02
   12      2.4197910769E-03   1.5166616766E-02   1.3896137963E-01   1.9237945913E-02   1.3221588659E-01
   13      1.8600342743E-05   4.6591342959E-03   1.9237945913E-02   4.8567459290E-02   3.1429963152E-02
   14     -4.1053523839E-03  -2.2251319107E-02   1.3221588659E-01   3.1429963152E-02   2.3260950488E-01
   15     -1.5016451628E-02  -2.0911484900E-03  -6.0131367393E-03  -1.4800727844E-02   1.6753807351E-03
   16     -1.9288935251E-03  -3.2124431904E-04   2.3607727129E-04  -1.4316501079E-03   2.8489219375E-04
   17      2.4549186178E-02   1.2624258354E-03  -7.7218399030E-03  -2.4812009555E-02   6.7479328055E-04
   18     -1.5720478052E-03  -9.5205155950E-04   3.0235678758E-03  -1.5056632349E-03   9.3367066476E-04
   19      1.6629971190E-03  -1.4025907968E-03  -6.1910652510E-04   1.7073181230E-03   1.3314133653E-03
   20      1.5362223977E-03   8.1915990258E-05   1.6517755558E-03  -1.5336736407E-03   6.8237531508E-05
   21     -1.1191323079E-04   5.1253425023E-04  -1.2212162260E-03  -1.0613130094E-04  -5.2173948755E-04
   22      2.1586853583E-03   1.3919515797E-03  -2.4100748579E-03   2.1772178782E-03  -1.3680113634E-03
   23     -2.2755008231E-04  -6.4957069200E-05   1.1161902813E-04   2.7427082186E-04  -9.7292946129E-05
   24      1.1678456806E-03   5.6983495650E-04  -2.2487924649E-03   1.1612524895E-03  -5.5856745600E-04
   25     -6.0839583594E-04  -7.7381043538E-04   1.6806109351E-03  -5.9520356963E-04   7.6840918181E-04
   26      1.0451093210E-03  -8.5695905736E-06   1.3055779002E-03  -1.0577070083E-03  -1.4541961300E-05
   27      1.8518596753E-04   1.2706064732E-04  -3.9546264609E-04   1.8074383902E-04  -1.2976563259E-04
   28      2.5862030584E-04   1.2133317938E-04  -4.8356314531E-04   2.5390370941E-04  -1.1736715681E-04
   29     -2.8122693494E-05  -5.8913002402E-05  -1.4065609301E-04   3.5375331477E-05  -5.5670084164E-05
   30      1.3605126441E-05   2.2053571266E-04  -3.8146727076E-04   1.4604902151E-05  -2.1950352153E-04
   31      2.7892225572E-05   1.3809908566E-05  -4.7494997367E-05   2.8105651451E-05  -1.3786803770E-05
   32     -2.2418816658E-05   2.5914298317E-05   3.9338951896E-05   2.1934066363E-05   2.1964744467E-05
   33     -3.5808909318E-05  -7.2940287902E-05   1.2873671464E-04  -3.5925168931E-05   7.2110535981E-05
   34     -1.5915391671E-05   4.6616160480E-06   1.1202185878E-05  -1.5410736653E-05  -4.5350504003E-06
   35      8.1275625059E-06  -9.6711884259E-06  -9.2892046134E-06  -8.4563071573E-06  -8.9896762113E-06
   36     -8.3391435030E-07  -2.7464549225E-04   4.8068008526E-04  -3.1091980386E-06   2.7264588108E-04
   37     -1.0172022241E-05  -1.8082966023E-05   5.9075909572E-05  -1.0236218161E-05   1.7869893280E-05
   38      1.1454516093E-05  -2.1420261044E-05  -4.3686668094E-05  -8.9041096077E-06  -1.5369426524E-05
   39     -2.8346243066E-04  -5.1925036119E-04   2.5883637851E-04  -2.1597860951E-04   4.3731514626E-04
   40      3.8877587970E-04   7.2703935107E-04   1.5704259304E-04   1.2961063514E-04  -3.2319184323E-04
   41      2.5424938653E-04   3.2193881091E-04   7.3736016116E-05  -1.4643807980E-04   2.6779236233E-04
   42      2.4778574386E-06   5.5524297948E-05  -3.3017986031E-05  -1.0106097333E-05  -3.4377564566E-05
   43     -2.3974204029E-04  -1.8981062363E-04  -1.0159841913E-05   2.7970867246E-05  -1.2444145106E-04
   44      2.0985017204E-05   1.6007606964E-05   2.9581236986E-05   6.0759659267E-06  -6.4444260810E-07
   45      5.3576336580E-04   9.8522279202E-04  -2.9321547944E-04   4.4149368371E-04  -8.3203904841E-04
   46     -3.5040852293E-04  -2.1974391214E-04  -2.4357415050E-05  -2.7648951164E-04   1.9320479036E-04
   47     -3.6383352105E-04  -3.5367241534E-04  -2.0577608203E-04   2.8637364061E-04  -2.2687679904E-04
                   15                 16                 17                 18                 19        
    0      1.4316171363E-02  -1.2588014369E-02  -5.9699952878E-05  -1.1027300781E-01  -8.5931345892E-02
    1      2.1365337983E-02  -1.8422721493E-02   3.1101317157E-06  -6.7135953582E-02  -4.5491167727E-01
    2      2.8975058623E-04  -2.5717417789E-04  -2.9002884620E-03  -4.6846164545E-04  -3.5511184758E-03
    3      1.1321303047E-04  -1.7321875184E-03  -1.7836600821E-05  -1.2159598827E-02   2.1470580756E-02
    4      2.8932640193E-03  -3.6244816868E-03  -4.8088032298E-05  -3.0920486270E-02  -3.0707438674E-02
    5      3.6134093667E-05  -2.8864329119E-05   1.7161067338E-04  -1.6449536603E-04  -3.6279864720E-04
    6     -8.1554514354E-02  -8.8885271011E-02  -1.1568603773E-03   1.2593064660E-02  -1.4273578350E-03
    7     -9.5103267808E-02  -2.8689434367E-01  -3.1331454516E-03   2.8735318807E-02  -4.0863435324E-02
    8     -1.2132599486E-03  -3.0876998994E-03  -4.5929029486E-02   2.1105392886E-04  -4.3808215041E-04
    9     -6.0608625417E-03   6.9911639156E-05   7.6036664093E-03   3.0661388218E-03  -5.5421139618E-04
   10     -1.5016451628E-02  -1.9288935251E-03   2.4549186178E-02  -1.5720478052E-03   1.6629971190E-03
   11     -2.0911484900E-03  -3.2124431904E-04   1.2624258354E-03  -9.5205155950E-04  -1.4025907968E-03
   12     -6.0131367393E-03   2.3607727129E-04  -7.7218399030E-03   3.0235678758E-03  -6.1910652510E-04
   13     -1.4800727844E-02  -1.4316501079E-03  -2.4812009555E-02  -1.5056632349E-03   1.7073181230E-03
   14      1.6753807351E-03   2.8489219375E-04   6.7479328055E-04   9.3367066476E-04   1.3314133653E-03
   15      8.5239805019E-02   9.8602705611E-02   1.3041905226E-03  -5.0421003320E-03   5.0260095649E-03
   16      9.8602705611E-02   3.1153083993E-01   3.4100278269E-03   5.5571201632E-03  -3.4072215588E-03
   17      1.3041905226E-03   3.4100278269E-03   4.5262668352E-02   2.7607813435E-05  -4.5182701262E-05
   18     -5.0421003320E-03   5.5571201632E-03   2.7607813435E-05   1.3943207081E-01   1.0377459499E-01
   19      5.0260095649E-03  -3.4072215588E-03  -4.5182701262E-05   1.0377459499E-01   5.4307097056E-01
   20      5.6966269711E-06   1.8279768865E-05   2.0446564830E-03  -1.9484024234E-03   3.8131805620E-03
   21     -1.3545479908E-03  -1.1953324631E-03  -1.0961561232E-05  -9.2861872297E-03  -2.2215502966E-02
   22     -2.2225022307E-03   3.3811850467E-03   4.4723055605E-05  -1.1993963454E-02  -3.0849384519E-02
   23     -2.2304282448E-05   4.2838386430E-05  -6.7836046171E-04  -1.8766819987E-04  -3.9864700391E-04
   24      5.1454084469E-04   4.3961948528E-04   9.0073928033E-06  -1.3568797449E-02  -5.4638619514E-03
   25     -7.7090652744E-04   7.8178594940E-04   2.3124640026E-06  -2.1019437718E-02   2.7957874594E-02
   26     -9.3491884559E-06   3.7288725565E-06   6.2827552337E-05  -2.2216079804E-04   1.8974327812E-04
   27      3.5601504495E-04  -8.1057207465E-04  -7.1307491962E-06   1.1458259932E-02  -1.2295497629E-02
   28      1.7911792480E-04  -3.3962083806E-04  -2.9002092882E-06  -6.9931428625E-04  -8.8839530976E-03
   29     -1.0985621584E-08   2.5842448539E-06   7.5063738614E-05  -6.7538494162E-05   6.0096819517E-05
   30      3.0426106204E-04  -1.1622902799E-04   6.9084399342E-08  -2.3700282512E-03  -4.2712256578E-03
   31     -1.1531173973E-05   5.8216273328E-05   9.1072466494E-07  -3.1266615213E-04   6.8448387573E-04
   32      4.2930548367E-06  -1.4302810074E-06  -4.3185629903E-05  -3.8401237703E-05  -4.8012031159E-05
   33     -4.8402213411E-05  -3.1286784599E-05  -8.0269302862E-07   1.0014992590E-03   5.8092588706E-04
   34      2.2086498919E-05  -2.9657711000E-05  -4.8674492222E-07   5.5955185494E-05  -3.7780852237E-04
   35     -4.7792351115E-07  -5.1902911469E-07   9.9175196148E-06   1.2161569152E-05   5.5817229884E-06
   36     -3.7246037940E-04   1.4577883380E-04   2.6110705817E-07   2.7552108594E-03   5.9590654265E-03
   37     -2.1165523937E-05   7.1225400976E-06   2.4506823196E-08   4.7749538867E-04  -3.0338914248E-04
   38     -5.4246300370E-06   4.3442688149E-07   3.6302898775E-05   3.9792051889E-05   5.6001297286E-05
   39      2.1472938060E-04  -3.7746336770E-04  -4.1463056617E-05  -1.9039866871E-02  -2.1559857546E-02
   40     -3.6072741456E-04  -1.2842734521E-04   1.7066703572E-04  -1.4855111172E-02  -4.9645614291E-03
   41     -3.7301934686E-05   7.5123449757E-05   2.2511283779E-04   4.8405792697E-03   3.9350213829E-03
   42     -7.7043175267E-06   5.2278684524E-05   1.1059179187E-05  -1.5871421598E-03   5.3608828506E-04
   43      5.2693131803E-05   2.4220187792E-05  -1.2304844834E-04  -3.1475149676E-04   1.4956565496E-05
   44      5.7431589126E-07  -3.7121776149E-05   1.4809930030E-05  -6.5081174736E-04  -9.2383025062E-04
   45     -6.0500687670E-04   6.5899853676E-04   6.0138602419E-05  -3.0832929640E-06   1.6666612241E-02
   46      1.3993180883E-04   4.2364800663E-04  -1.8508056319E-05   1.2053000886E-02   1.7026869877E-04
   47      6.3852230883E-05  -1.0144808316E-04  -2.8932506123E-04  -1.3402397861E-03  -2.2121938694E-03
                   20                 21                 22                 23                 24        
    0     -6.5514105482E-04  -1.6207113554E-03  -2.2925256875E-02  -2.4210127513E-04  -4.8850876535E-02
    1     -4.2491881276E-03  -2.8387093868E-02  -1.6271105758E-03  -2.1477338695E-04   4.2384537357E-02
    2     -3.4571359355E-02  -2.5865876936E-04   7.8444828538E-05   1.2369206806E-02   4.8025743195E-04
    3      1.0283959727E-04  -1.7669762344E-01  -1.5804994133E-01  -1.9364293868E-03  -2.0677222315E-01
    4     -3.2394824827E-04  -1.6332360346E-01  -5.0388913646E-01  -4.9459030859E-03   3.8944938301E-02
    5      8.1336613299E-03  -1.9894681654E-03  -5.1085896439E-03  -5.8239746604E-02   2.0872831595E-04
    6      5.5811401637E-06   1.3944958793E-03   4.6950869834E-03   5.2658688461E-05  -2.9648865995E-03
    7     -2.3223695078E-04  -2.8181646139E-04  -4.5366213157E-03  -4.3940926052E-05  -5.1947774099E-03
    8      5.2520896760E-03  -1.5965218186E-06  -1.1549013782E-04  -5.8025013970E-04  -4.9678538112E-05
    9     -1.6642127593E-03  -1.2102967419E-03  -2.3614561597E-03  -1.5873604030E-04  -2.2567512782E-03
   10      1.5362223977E-03  -1.1191323079E-04   2.1586853583E-03  -2.2755008231E-04   1.1678456806E-03
   11      8.1915990258E-05   5.1253425023E-04   1.3919515797E-03  -6.4957069200E-05   5.6983495650E-04
   12      1.6517755558E-03  -1.2212162260E-03  -2.4100748579E-03   1.1161902813E-04  -2.2487924649E-03
   13     -1.5336736407E-03  -1.0613130094E-04   2.1772178782E-03   2.7427082186E-04   1.1612524895E-03
   14      6.8237531508E-05  -5.2173948755E-04  -1.3680113634E-03  -9.7292946129E-05  -5.5856745600E-04
   15      5.6966269711E-06  -1.3545479908E-03  -2.2225022307E-03  -2.2304282448E-05   5.1454084469E-04
   16      1.8279768865E-05  -1.1953324631E-03   3.3811850467E-03   4.2838386430E-05   4.3961948528E-04
   17      2.0446564830E-03  -1.0961561232E-05   4.4723055605E-05  -6.7836046171E-04   9.0073928033E-06
   18     -1.9484024234E-03  -9.2861872297E-03  -1.1993963454E-02  -1.8766819987E-04  -1.3568797449E-02
   19      3.8131805620E-03  -2.2215502966E-02  -3.0849384519E-02  -3.9864700391E-04  -5.4638619514E-03
   20      2.4909295997E-02  -4.6421127797E-05  -1.7887868027E-04   4.2366059793E-03   1.3133177348E-04
   21     -4.6421127797E-05   1.7855237468E-01   1.7915815242E-01   2.2795606284E-03   3.4124424840E-02
   22     -1.7887868027E-04   1.7915815242E-01   6.1329606079E-01   6.5246272885E-03   3.7288574065E-03
   23      4.2366059793E-03   2.2795606284E-03   6.5246272885E-03   3.2058429896E-02   1.0113624945E-04
   24      1.3133177348E-04   3.4124424840E-02   3.7288574065E-03   1.0113624945E-04   4.4611052590E-01
   25      3.3341706470E-04   2.7880413907E-02  -7.5080599238E-02  -9.8170291993E-04   9.4051474867E-02
   26      4.7161523390E-04   3.4319100913E-04  -9.6931467573E-04   9.8228628317E-03   2.0247521970E-03
   27     -3.6791259425E-04  -8.6167798256E-03   6.5909167432E-03   5.8087315397E-05  -2.0359781714E-01
   28     -4.9996658046E-05   3.9742908568E-03  -3.2095470147E-03  -9.6565509794E-05  -1.7161364042E-01
   29     -7.1309328513E-03   4.0725256786E-05  -4.8091446762E-05   4.8079827003E-03  -2.7197742550E-03
   30      1.9975819542E-05  -2.5584377908E-02  -9.6500161375E-03  -4.3992060467E-04   1.7093788762E-03
   31      1.0641349876E-05   9.2190749951E-04   7.1070459067E-03   2.3608707228E-05  -3.3252776308E-03
   32      1.2185206250E-04  -3.4938656805E-04  -9.4081253168E-05   5.5486136367E-03  -1.4535712930E-05
   33     -1.1076854343E-05   1.4791146916E-04  -2.1936933056E-03  -2.9840229347E-05   2.2177242033E-03
   34     -1.0826104290E-07  -2.2293645189E-03  -9.9487887310E-04  -1.5033740556E-05   6.9671660804E-04
   35     -8.8667899884E-05  -2.2575202356E-05  -2.2009404752E-05  -7.3504601249E-04   2.3270918654E-05
   36     -1.7743242807E-05   9.8597006774E-03   1.5719468864E-02   3.6506869039E-04  -5.5914113362E-03
   37     -1.0566373762E-05   5.2340230322E-03  -8.8873633853E-03   4.4541207131E-05   1.8116668900E-03
   38      6.2558388086E-05   2.5410408763E-04   1.5660964689E-04  -8.4778729642E-03  -4.3949608325E-05
   39      3.9767143560E-03  -2.9318430523E-03  -3.8996802875E-03  -8.7937862239E-05  -2.1406519843E-03
   40      2.2247762750E-03  -1.9027178055E-03  -2.0725506396E-03  -1.3990279392E-05  -2.1617045604E-03
   41      5.3736982799E-03   5.3279305890E-04   7.1206324140E-04   6.9578568483E-05   4.2959101864E-04
   42     -1.6716741492E-03   2.5152266666E-04   4.3475720212E-04   6.9573010261E-06   6.2546844954E-05
   43     -1.2198522550E-03   3.2226128629E-04   3.0645862461E-04  -2.0909151862E-05   3.6137547440E-04
   44      5.7694612785E-04  -1.9031866648E-04  -2.8822085128E-04  -1.8969972678E-05  -1.3197068718E-04
   45      4.6403529643E-04   4.1931535528E-03   5.4673762987E-03   1.3039846737E-04   3.2530664265E-03
   46     -1.4665072442E-04   2.1743957963E-03   2.7205384164E-03   5.0295603734E-05   2.6954415955E-03
   47     -9.5421729728E-03  -5.7233070891E-04  -7.1689811192E-04  -2.0784248350E-05  -4.9616051475E-04
                   25                 26                 27                 28                 29        
    0      1.6017568572E-02   1.4386218296E-04  -9.0370614020E-03   3.3406780030E-03   3.5241999113E-05
    1     -3.1343466976E-02  -4.2787243413E-04   2.2426101608E-02   3.7556249784E-03  -2.0736786210E-05
    2     -5.7601544115E-04   1.4494986238E-02   2.4806971690E-04   3.6947782387E-05   1.1347615204E-03
    3      8.5640235713E-02   8.4477181309E-04   3.6941937031E-02  -1.2468649490E-02  -1.6842007039E-04
    4     -1.5915572427E-01  -1.2904678414E-03   1.2844939328E-02  -5.0604309399E-02  -5.4594577650E-04
    5     -1.1226240382E-03  -5.0278638008E-02   2.4515237930E-04  -6.5482143569E-04   2.5750144061E-04
    6     -1.9261105967E-03  -2.0259079263E-05   5.5580712342E-04  -6.1738433349E-04  -1.8156711208E-05
    7      3.7486420543E-03  -1.1393796239E-05  -2.4921300933E-03  -2.0257007440E-03  -1.9067714001E-05
    8     -1.7164067508E-06   5.7623039222E-03  -1.2050819154E-05  -1.1163298570E-05   6.6649032973E-05
    9      1.6947333527E-03  -1.2753841729E-03  -3.9775516300E-04  -4.9243245316E-04   1.3325821021E-04
   10     -6.0839583594E-04   1.0451093210E-03   1.8518596753E-04   2.5862030584E-04  -2.8122693494E-05
   11     -7.7381043538E-04  -8.5695905736E-06   1.2706064732E-04   1.2133317938E-04  -5.8913002402E-05
   12      1.6806109351E-03   1.3055779002E-03  -3.9546264609E-04  -4.8356314531E-04  -1.4065609301E-04
   13     -5.9520356963E-04  -1.0577070083E-03   1.8074383902E-04   2.5390370941E-04   3.5375331477E-05
   14      7.6840918181E-04  -1.4541961300E-05  -1.2976563259E-04  -1.1736715681E-04  -5.5670084164E-05
   15     -7.7090652744E-04  -9.3491884559E-06   3.5601504495E-04   1.7911792480E-04  -1.0985621584E-08
   16      7.8178594940E-04   3.7288725565E-06  -8.1057207465E-04  -3.3962083806E-04   2.5842448539E-06
   17      2.3124640026E-06   6.2827552337E-05  -7.1307491962E-06  -2.9002092882E-06   7.5063738614E-05
   18     -2.1019437718E-02  -2.2216079804E-04   1.1458259932E-02  -6.9931428625E-04  -6.7538494162E-05
   19      2.7957874594E-02   1.8974327812E-04  -1.2295497629E-02  -8.8839530976E-03   6.0096819517E-05
   20      3.3341706470E-04   4.7161523390E-04  -3.6791259425E-04  -4.9996658046E-05  -7.1309328513E-03
   21      2.7880413907E-02   3.4319100913E-04  -8.6167798256E-03   3.9742908568E-03   4.0725256786E-05
   22     -7.5080599238E-02  -9.6931467573E-04   6.5909167432E-03  -3.2095470147E-03  -4.8091446762E-05
   23     -9.8170291993E-04   9.8228628317E-03   5.8087315397E-05  -9.6565509794E-05   4.8079827003E-03
   24      9.4051474867E-02   2.0247521970E-03  -2.0359781714E-01  -1.7161364042E-01  -2.7197742550E-03
   25      5.2886402210E-01   6.5417917985E-03  -2.0385437309E-01  -2.9312451681E-01  -4.2365272820E-03
   26      6.5417917985E-03   4.0356646534E-02  -3.0801166402E-03  -3.9652856738E-03  -1.9892219297E-02
   27     -2.0385437309E-01  -3.0801166402E-03   1.7391631570E-01   1.7865892713E-01   2.8038640266E-03
   28     -2.9312451681E-01  -3.9652856738E-03   1.7865892713E-01   3.5395973899E-01   4.7557014322E-03
   29     -4.2365272820E-03  -1.9892219297E-02   2.8038640266E-03   4.7557014322E-03   2.1025005180E-02
   30     -5.9720034058E-03  -1.0519780419E-04  -2.6109763734E-04   7.2831384166E-04   5.1252663792E-06
   31      5.1626470297E-04  -4.8384530390E-05   9.6191912878E-05   7.9708097458E-04   6.0835466240E-06
   32     -9.3339901612E-05   1.7428565576E-03  -1.8885212550E-06   1.9048465091E-05   5.9716174108E-05
   33      5.0386204844E-04   3.2317500478E-05   7.9712068300E-05  -9.9074046356E-04  -6.1208644546E-06
   34     -2.3540387562E-03  -1.4403202493E-05  -3.0804946587E-04  -2.0485260636E-04  -3.8830557661E-06
   35     -5.6673799342E-06  -1.3652684624E-03  -3.3217747489E-06  -1.2656161436E-05  -3.3319092323E-05
   36      6.5036592312E-03   7.0096529825E-05   3.7778323985E-06   2.4201702535E-04   3.2971830368E-06
   37     -1.2512142725E-05   2.6312260046E-05  -2.2589015957E-05  -6.3631906850E-04  -1.9597683722E-06
   38      8.6663599427E-05  -1.1793502670E-03  -1.0869370971E-06  -3.4915357080E-06  -1.7647780768E-04
   39     -6.1370136815E-04  -9.0499289607E-06   2.2737498352E-03   2.0995938312E-06   5.3224303923E-05
   40      2.4142872258E-04  -2.0733937920E-05   1.5671553377E-03  -3.5386808879E-04   6.2446052904E-05
   41      2.2215271389E-04   1.2836269092E-04  -5.3014442913E-04  -2.0355322332E-05  -5.1053908726E-05
   42      2.1917858007E-05  -6.3836021279E-05  -6.3283503256E-05  -8.4035931689E-05   6.0060435942E-05
   43     -2.7334157789E-04  -1.3972521151E-05  -8.1957021097E-05   1.1195551619E-04  -2.2957174160E-05
   44     -1.1391683033E-05   7.5269554599E-06   9.6849652189E-05   4.0770363903E-05   3.0151034549E-05
   45      4.7759204566E-04   5.7511018380E-05  -3.2163172551E-03   1.1119791737E-04  -4.8654069869E-05
   46      4.3778105285E-04   5.1252432243E-05  -2.4718752425E-03   2.4576319437E-04  -3.4196763708E-05
   47     -1.9035367533E-04  -1.1140093050E-04   5.8886922159E-04   2.7719282567E-09  -5.8244777494E-05
                   30                 31                 32                 33                 34        
    0      6.8620760329E-04  -5.2729502970E-04  -2.5018058471E-06   2.8836822723E-04   2.3439940493E-04
    1      9.7777019838E-04   1.5621974844E-04   1.6152996464E-05  -6.2521135456E-04  -7.8373183863E-05
    2      4.1118698574E-05   1.2149620784E-05  -3.3673898425E-04  -1.3896951516E-05  -4.6085555685E-08
    3      6.6956542792E-04   3.7760901656E-03   4.0737686145E-05  -3.9549948340E-03   4.1741223273E-04
    4      1.6628954772E-02  -5.2875083546E-03   1.5281725674E-04   2.2386268969E-03   3.4639561813E-03
    5      1.8927653972E-04  -2.6404491685E-05  -9.1303208934E-04   5.0070255285E-06   3.5517061023E-05
    6      2.7916628073E-04  -1.1664960239E-04   1.6714983038E-06   1.2149826490E-05   7.0898837890E-05
    7     -2.3005742126E-04  -1.1637129659E-04  -2.9870888737E-06   1.2529790560E-04   3.2941532137E-05
    8     -5.5922632743E-06  -1.8533859713E-06  -1.9400491639E-05   2.1637923156E-06  -1.3130988299E-06
    9     -3.8112259091E-04  -4.6148509106E-05  -4.9267484975E-05   1.2892213543E-04   1.1242189518E-05
   10      1.3605126441E-05   2.7892225572E-05  -2.2418816658E-05  -3.5808909318E-05  -1.5915391671E-05
   11      2.2053571266E-04   1.3809908566E-05   2.5914298317E-05  -7.2940287902E-05   4.6616160480E-06
   12     -3.8146727076E-04  -4.7494997367E-05   3.9338951896E-05   1.2873671464E-04   1.1202185878E-05
   13      1.4604902151E-05   2.8105651451E-05   2.1934066363E-05  -3.5925168931E-05  -1.5410736653E-05
   14     -2.1950352153E-04  -1.3786803770E-05   2.1964744467E-05   7.2110535981E-05  -4.5350504003E-06
   15      3.0426106204E-04  -1.1531173973E-05   4.2930548367E-06  -4.8402213411E-05   2.2086498919E-05
   16     -1.1622902799E-04   5.8216273328E-05  -1.4302810074E-06  -3.1286784599E-05  -2.9657711000E-05
   17      6.9084399342E-08   9.1072466494E-07  -4.3185629903E-05  -8.0269302862E-07  -4.8674492222E-07
   18     -2.3700282512E-03  -3.1266615213E-04  -3.8401237703E-05   1.0014992590E-03   5.5955185494E-05
   19     -4.2712256578E-03   6.8448387573E-04  -4.8012031159E-05   5.8092588706E-04  -3.7780852237E-04
   20      1.9975819542E-05   1.0641349876E-05   1.2185206250E-04  -1.1076854343E-05  -1.0826104290E-07
   21     -2.5584377908E-02   9.2190749951E-04  -3.4938656805E-04   1.4791146916E-04  -2.2293645189E-03
   22     -9.6500161375E-03   7.1070459067E-03  -9.4081253168E-05  -2.1936933056E-03  -9.9487887310E-04
   23     -4.3992060467E-04   2.3608707228E-05   5.5486136367E-03  -2.9840229347E-05  -1.5033740556E-05
   24      1.7093788762E-03  -3.3252776308E-03  -1.4535712930E-05   2.2177242033E-03   6.9671660804E-04
   25     -5.9720034058E-03   5.1626470297E-04  -9.3339901612E-05   5.0386204844E-04  -2.3540387562E-03
   26     -1.0519780419E-04  -4.8384530390E-05   1.7428565576E-03   3.2317500478E-05  -1.4403202493E-05
   27     -2.6109763734E-04   9.6191912878E-05  -1.8885212550E-06   7.9712068300E-05  -3.0804946587E-04
   28      7.2831384166E-04   7.9708097458E-04   1.9048465091E-05  -9.9074046356E-04  -2.0485260636E-04
   29      5.1252663792E-06   6.0835466240E-06   5.9716174108E-05  -6.1208644546E-06  -3.8830557661E-06
   30      4.9586575890E-01  -6.7163627478E-02   5.4782633557E-03  -4.1792252895E-02   3.3599421622E-02
   31     -6.7163627478E-02   5.9304258401E-01   9.1269156240E-03  -2.1375587185E-02  -5.3620103043E-01
   32      5.4782633557E-03   9.1269156240E-03   1.5466033726E-02  -8.9887793664E-04  -8.7890741008E-03
   33     -4.1792252895E-02  -2.1375587185E-02  -8.9887793664E-04   4.5835775377E-02  -2.8873445989E-02
   34      3.3599421622E-02  -5.3620103043E-01  -8.7890741008E-03  -2.8873445989E-02   5.5350019465E-01
   35      7.2494643684E-05  -9.5892702107E-03  -5.2574855726E-03   1.1543892171E-04   9.2179278331E-03
   36     -4.2922056792E-01   8.8057710900E-02  -4.2212575732E-03  -3.8913075273E-03  -3.8534878419E-03
   37      3.5240275294E-02  -6.0841886182E-02  -2.7432272221E-04   5.0948013148E-02  -1.6722996853E-02
   38     -5.1675927845E-03   4.8022826813E-04  -1.6417603280E-02   7.8166322864E-04  -4.1727856769E-04
   39     -9.8212788932E-04  -8.8241985490E-05  -2.4017523217E-05   3.2935136083E-04   1.2327952175E-05
   40     -7.2973246138E-04   1.3364670604E-06  -6.6249700098E-06   2.3527218505E-04  -2.5552270683E-05
   41      1.7099278600E-04   1.6477817909E-05   5.8934349175E-05  -5.8942303525E-05  -3.2893889494E-06
   42      1.1286653075E-04   2.4232302560E-05  -6.5988860824E-06  -4.2315786745E-05  -8.1981906123E-06
   43      1.4153243783E-04  -8.4008966505E-06  -8.6194518288E-06  -4.3577393153E-05   9.8407090883E-06
   44     -6.2726473592E-05  -1.0542498455E-05  -1.2805005845E-05   2.1285170767E-05   1.6542416656E-06
   45      1.3458376780E-03   9.6952240904E-05   3.4128252733E-05  -4.4087738499E-04   6.3759099398E-08
   46      8.2984811613E-04   3.5967317889E-05   1.7646075233E-05  -2.8590198740E-04   1.3582257146E-05
   47     -1.8901800460E-04  -1.4187513361E-05  -4.5634495911E-05   6.3472902567E-05   1.5207632238E-06
                   35                 36                 37                 38                 39        
    0      8.5017659727E-06  -1.1224987783E-03   4.6616590899E-04  -3.3264465982E-06  -6.0894477469E-03
    1     -9.9428445411E-06  -1.1845429990E-03  -2.6432057561E-04  -7.9025038750E-06   1.0122953138E-02
    2      9.5180813976E-05  -4.6801742645E-05  -2.3435857904E-05   7.0486277770E-04   4.3225518544E-04
    3     -2.6862827988E-05  -2.1160416684E-04  -8.5688531945E-03  -7.5991825714E-05   3.2698033422E-03
    4      4.7459338604E-05  -2.6079007572E-02   1.2734702774E-03  -2.7547484764E-04   5.9219249866E-04
    5      5.3080507374E-04  -2.9978023709E-04  -4.7137088216E-05   1.0892875989E-03  -2.3697952403E-04
    6      1.4262414818E-06  -4.0813999551E-04   8.3253266527E-05  -8.1953185670E-07   2.2234359054E-04
    7      9.3301741262E-07   2.5786774019E-04   9.0385123948E-05   3.6458552076E-06  -4.9173330816E-04
    8      4.2925158102E-05   6.7652024248E-06   2.3216731849E-06  -1.9652259873E-05   2.9208560912E-04
    9      1.1405024133E-05   4.8072225420E-04   5.7977295628E-05   5.4749430423E-05   2.1103447851E-04
   10      8.1275625059E-06  -8.3391435030E-07  -1.0172022241E-05   1.1454516093E-05  -2.8346243066E-04
   11     -9.6711884259E-06  -2.7464549225E-04  -1.8082966023E-05  -2.1420261044E-05  -5.1925036119E-04
   12     -9.2892046134E-06   4.8068008526E-04   5.9075909572E-05  -4.3686668094E-05   2.5883637851E-04
   13     -8.4563071573E-06  -3.1091980386E-06  -1.0236218161E-05  -8.9041096077E-06  -2.1597860951E-04
   14     -8.9896762113E-06   2.7264588108E-04   1.7869893280E-05  -1.5369426524E-05   4.3731514626E-04
   15     -4.7792351115E-07  -3.7246037940E-04  -2.1165523937E-05  -5.4246300370E-06   2.1472938060E-04
   16     -5.1902911469E-07   1.4577883380E-04   7.1225400976E-06   4.3442688149E-07  -3.7746336770E-04
   17      9.9175196148E-06   2.6110705817E-07   2.4506823196E-08   3.6302898775E-05  -4.1463056617E-05
   18      1.2161569152E-05   2.7552108594E-03   4.7749538867E-04   3.9792051889E-05  -1.9039866871E-02
   19      5.5817229884E-06   5.9590654265E-03  -3.0338914248E-04   5.6001297286E-05  -2.1559857546E-02
   20     -8.8667899884E-05  -1.7743242807E-05  -1.0566373762E-05   6.2558388086E-05   3.9767143560E-03
   21     -2.2575202356E-05   9.8597006774E-03   5.2340230322E-03   2.5410408763E-04  -2.9318430523E-03
   22     -2.2009404752E-05   1.5719468864E-02  -8.8873633853E-03   1.5660964689E-04  -3.8996802875E-03
   23     -7.3504601249E-04   3.6506869039E-04   4.4541207131E-05  -8.4778729642E-03  -8.7937862239E-05
   24      2.3270918654E-05  -5.5914113362E-03   1.8116668900E-03  -4.3949608325E-05  -2.1406519843E-03
   25     -5.6673799342E-06   6.5036592312E-03  -1.2512142725E-05   8.6663599427E-05  -6.1370136815E-04
   26     -1.3652684624E-03   7.0096529825E-05   2.6312260046E-05  -1.1793502670E-03  -9.0499289607E-06
   27     -3.3217747489E-06   3.7778323985E-06  -2.2589015957E-05  -1.0869370971E-06   2.2737498352E-03
   28     -1.2656161436E-05   2.4201702535E-04  -6.3631906850E-04  -3.4915357080E-06   2.0995938312E-06
   29     -3.3319092323E-05   3.2971830368E-06  -1.9597683722E-06  -1.7647780768E-04   5.3224303923E-05
   30      7.2494643684E-05  -4.2922056792E-01   3.5240275294E-02  -5.1675927845E-03  -9.8212788932E-04
   31     -9.5892702107E-03   8.8057710900E-02  -6.0841886182E-02   4.8022826813E-04  -8.8241985490E-05
   32     -5.2574855726E-03  -4.2212575732E-03  -2.7432272221E-04  -1.6417603280E-02  -2.4017523217E-05
   33      1.1543892171E-04  -3.8913075273E-03   5.0948013148E-02   7.8166322864E-04   3.2935136083E-04
   34      9.2179278331E-03  -3.8534878419E-03  -1.6722996853E-02  -4.1727856769E-04   1.2327952175E-05
   35      3.2516923948E-03  -1.8357278154E-04   3.5862248209E-04   3.5693686854E-03   7.7377104396E-06
   36     -1.8357278154E-04   4.2780018562E-01  -8.5597556888E-02   4.2236971063E-03   1.1550969251E-03
   37      3.5862248209E-04  -8.5597556888E-02   8.6361946947E-02  -8.3568983343E-05   1.4238587438E-04
   38      3.5693686854E-03   4.2236971063E-03  -8.3568983343E-05   2.0847493205E-02   2.2751011779E-05
