
$orca_hessian_file

$act_atom
  0

$act_coord
  0

$act_energy
        0.000000

$multiplicity
  1

$hessian
48
                    0                  1                  2                  3                  4        
    0      6.8980868235E-01   1.7548317133E-02   4.0955777053E-04  -3.1516062960E-01  -3.7511963307E-02
    1      1.7548317133E-02   6.5985175243E-01   3.4685033552E-03  -5.2381925527E-02  -5.9023220231E-02
    2      4.0955777053E-04   3.4685033552E-03   2.1193902119E-01  -5.7695829069E-04   1.6848511185E-04
    3     -3.1516062960E-01  -5.2381925527E-02  -5.7695829069E-04   7.1056919652E-01   1.5551088417E-01
    4     -3.7511963307E-02  -5.9023220231E-02   1.6848511185E-04   1.5551088417E-01   7.9725935547E-01
    5     -5.7130662127E-04   1.9895362586E-04  -8.1925627680E-02   2.2502271710E-03   6.7038964435E-03
    6     -1.6660422991E-01   4.9418293858E-02   2.6539496712E-04  -1.7280729329E-02   1.6658869664E-02
    7      6.4119724364E-02  -1.3434327191E-01  -2.8331895419E-04  -2.9113201940E-03   1.1713367894E-02
    8      5.4662909665E-04  -2.1202925659E-04  -7.9128788677E-02  -1.9743418262E-04  -8.2263924591E-05
    9     -1.8400697068E-02  -2.6073607326E-03   1.8924682763E-02  -1.1211360988E-03   2.8232847395E-03
   10      1.0886709308E-02   4.4618087895E-03  -2.0547957729E-02   4.9383271797E-04  -2.5925404627E-03
   11     -3.0301548780E-03  -3.5255198380E-04   1.7612933899E-04  -3.0207007458E-04   2.4933181739E-04
   12     -1.8147086726E-02  -2.2164944129E-03  -1.9193994918E-02  -1.1409872528E-03   2.7609278595E-03
   13      1.0651265877E-02   3.7967703246E-03   2.0810244011E-02   5.2935706171E-04  -2.5195399331E-03
   14      2.9317316285E-03   4.6388103368E-04   4.6225779499E-04   3.1374895164E-04  -2.3033469955E-04
   15      1.4781131049E-02   2.3115598675E-02   3.2557203877E-04  -8.2497608699E-04   2.4848790740E-03
   16     -1.0556043854E-02  -1.8102977256E-02  -2.3594432642E-04  -2.2088142141E-04  -2.3293606164E-03
   17     -4.9690686115E-05   5.3357050451E-05  -4.5156744682E-03   1.2599980924E-06  -3.2668432369E-05
   18     -1.3891778153E-01  -4.2622447523E-02  -1.1520826165E-04  -9.7809424275E-03  -2.7976076558E-02
   19     -4.9433221861E-02  -4.0907361124E-01  -2.6686052858E-03  -1.6875204523E-02  -4.4998998066E-02
   20     -4.6837146478E-05  -3.0160009487E-03  -8.7433811416E-02  -4.9321278648E-04  -6.5404919963E-04
   21      9.3425927345E-04  -3.3978928433E-02  -4.1630983434E-04  -1.8688301102E-01  -1.4790548194E-01
   22     -1.4573556770E-02  -2.9332423132E-02  -4.8082417665E-04  -1.5744313145E-01  -4.9405931756E-01
   23     -1.4920202229E-04  -5.4497944898E-04   1.8721243648E-02  -1.9547041940E-03  -4.5157732320E-03
   24     -4.4093564796E-02   3.1092030128E-02   2.8093992489E-04  -2.0460983108E-01   2.8112266942E-02
   25      6.0873449593E-03  -1.4653087025E-02  -3.3003067960E-04   9.0490574363E-02  -1.4975590596E-01
   26      6.8641131063E-05  -3.6331255077E-04   1.9925660744E-02   8.8401502030E-04  -1.0636935846E-03
   27     -5.0443089207E-03   1.7451078187E-02   1.4895169486E-04   2.8679070273E-02   1.1194722445E-02
   28      5.1055137193E-03   9.2586723431E-04  -3.7847715189E-06  -1.3310954750E-02  -5.2652425327E-02
   29      4.5969864706E-05  -1.5373723972E-05   6.7150413146E-04  -1.6655696481E-04  -5.1854532566E-04
   30      2.5549717216E-03   5.2346660572E-05   3.3248167609E-05  -1.0950284006E-03   1.0206910070E-02
   31     -2.3932118731E-04  -1.5970425236E-04   2.0665278417E-05   3.7490896670E-03  -4.3915436211E-03
   32      1.6621739533E-05   1.2469798305E-05  -1.1792913517E-03   3.1212523416E-05   8.9285022683E-05
   33     -4.8535946056E-04  -7.3406859467E-05  -5.2273011154E-06  -3.1917185489E-03   2.3502935501E-03
   34      3.5295160711E-04   4.8862377453E-05  -1.1614229827E-06   2.3730615488E-04   2.9219627094E-03
   35      4.9812037861E-06  -9.7735519042E-06   3.1854907133E-04  -2.1650939971E-05   4.0771477036E-05
   36     -3.4242680506E-03   5.6725231011E-06  -2.8308129125E-05   2.9925289692E-03  -1.8563288032E-02
   37     -1.1648227180E-04   7.8223304354E-05  -3.4890848665E-05  -7.7211409070E-03   7.4035529958E-04
   38     -2.7564197661E-05  -8.0677585153E-06   1.7938221439E-03  -5.3663280051E-05  -2.0339235619E-04
   39     -4.5097324219E-03   6.8453712483E-03   9.7361964696E-05   1.6926682412E-03   6.5404144833E-05
   40      7.7680615019E-04   2.6373925227E-03  -9.6321953596E-05   1.2668026805E-03  -3.3661473641E-04
   41      8.3750969210E-04  -1.7356347273E-03  -4.0153570194E-04  -3.0214669040E-04   1.8906433343E-05
   42      5.5628301233E-05  -5.2093509953E-04   1.3344794927E-04  -1.7721128984E-04  -2.9268515023E-04
   43     -3.0488227561E-04   1.5882517812E-05   2.1068047981E-04  -3.9235099185E-04   6.7282354797E-05
   44     -1.4765292231E-04   5.9084278160E-04   4.4399522515E-05   2.2678175947E-04   8.0004412574E-05
   45      6.6529857914E-03  -1.1167764883E-02  -2.8553200948E-04  -2.6672628682E-03   3.3681604240E-04
   46     -2.7526065317E-03  -7.1282644532E-03   5.5431939560E-06  -1.2767007606E-03  -4.2857216863E-05
   47     -8.3685214899E-04   1.4684350240E-03   5.3214170670E-04   3.5889642480E-04  -5.3853344827E-05
                    5                  6                  7                  8                  9        
    0     -5.7130662127E-04  -1.6660422991E-01   6.4119724364E-02   5.4662909665E-04  -1.8400697068E-02
    1      1.9895362586E-04   4.9418293858E-02  -1.3434327191E-01  -2.1202925659E-04  -2.6073607326E-03
    2     -8.1925627680E-02   2.6539496712E-04  -2.8331895419E-04  -7.9128788677E-02   1.8924682763E-02
    3      2.2502271710E-03  -1.7280729329E-02  -2.9113201940E-03  -1.9743418262E-04  -1.1211360988E-03
    4      6.7038964435E-03   1.6658869664E-02   1.1713367894E-02  -8.2263924591E-05   2.8232847395E-03
    5      1.9477968684E-01  -7.8912914526E-05  -7.5459922131E-05   2.3924964339E-02  -2.1746130166E-03
    6     -7.8912914526E-05   5.1437290805E-01   5.3677950256E-02   2.0948329385E-04  -1.2965919580E-01
    7     -7.5459922131E-05   5.3677950256E-02   5.5571100277E-01   6.4829748670E-04  -2.2255956163E-02
    8      2.3924964339E-02   2.0948329385E-04   6.4829748670E-04   5.1899044729E-01   1.3131861569E-01
    9     -2.1746130166E-03  -1.2965919580E-01  -2.2255956163E-02   1.3131861569E-01   1.4389775004E-01
   10      2.6361983159E-03  -2.0128098896E-02  -5.0608841321E-02   3.1551754823E-02   2.2258423445E-02
   11     -1.6802028758E-03   1.2924541221E-01   3.2312498735E-02  -2.1101503715E-01  -1.3848742885E-01
   12      2.2829432123E-03  -1.2648043406E-01  -1.9155994330E-02  -1.3077895284E-01   1.0365443027E-02
   13     -2.6156607466E-03  -1.7135239474E-02  -4.9248080820E-02  -2.8359518627E-02   2.1749114761E-03
   14     -1.6882168839E-03  -1.2855366547E-01  -2.9066869389E-02  -2.1560259251E-01  -1.5098106151E-02
   15      2.8266354291E-05  -8.6221033071E-02  -9.6862995912E-02  -1.2424162829E-03  -5.5556319932E-03
   16     -1.4034223102E-05  -8.8984821675E-02  -2.9068560520E-01  -3.1169549613E-03   2.9507757097E-05
   17      2.3004982196E-04  -1.1506306330E-03  -3.1817741536E-03  -4.6645184177E-02   7.1444847308E-03
   18      2.9847174099E-04   1.6646862704E-02   2.8569604199E-02  -1.5495313643E-04   1.6097947041E-03
   19     -4.8979198495E-04   8.3700484996E-03  -4.1337853292E-02  -5.2554381475E-04  -3.0115907040E-03
   20      1.8398214594E-02   4.4365031092E-05  -3.2365895018E-04   1.2104065591E-02  -1.9244102012E-03
   21     -1.8356976591E-03  -1.9071750704E-03   8.7647379059E-04   5.3524532573E-05   5.2597877269E-05
   22     -4.6900742659E-03   2.1027086015E-04  -1.2833070633E-03   2.4958647215E-05   2.8587414724E-05
   23     -8.6095001131E-02   1.6600106738E-05  -8.4247878361E-06  -2.2621059156E-03   2.0641614049E-04
   24      9.4518194053E-05  -3.2759566681E-03  -4.7116730197E-03  -9.0496521218E-06  -1.1974464002E-03
   25     -8.2743047044E-04  -5.7004998466E-04   1.7969743363E-03  -3.2759493836E-05   4.1935823226E-04
   26     -6.5755099890E-02   1.8637862351E-05   3.3142957398E-05  -1.3870755833E-03   3.7310708575E-05
   27      1.8252278415E-04   8.8830302531E-04  -1.7305930107E-03   4.9120383255E-05  -2.7891756546E-04
   28     -6.7738100569E-04  -9.1524101140E-04  -1.5762095819E-03   9.8822743196E-07  -2.7002429656E-04
   29     -2.3307444230E-03  -2.8073694680E-05  -2.8640686570E-05   1.4859128038E-03  -1.2507696437E-04
   30      1.1795300902E-04  -5.2404786856E-04  -1.5214269343E-05   4.7543467046E-06   8.9270488133E-06
   31     -1.5731027046E-05  -1.5523835490E-04  -8.3056187078E-05  -4.0482981509E-06  -1.5584688107E-05
   32     -1.3751059502E-03  -6.2769442529E-06  -1.5419554455E-06   1.0408104908E-04  -4.1042994701E-05
   33      1.0904609740E-05   2.5851518612E-04   5.5046166937E-05  -7.0023188738E-07   7.6643441883E-06
   34      2.6929530890E-05   1.2428051430E-05   2.7251207631E-05   1.0551397833E-06   1.1354292517E-05
   35      6.2784541724E-04   1.1347787131E-06   1.6943808453E-06  -2.1614843268E-05   1.4112423011E-05
   36     -2.2136502283E-04   6.1709604201E-04  -1.3996743943E-05  -7.8925835793E-06   4.1397041919E-06
   37     -5.1414560075E-05   2.1435808383E-04   6.2118232854E-05   2.1320624041E-06   5.0129999619E-06
   38      1.7449533010E-03   9.7342472643E-06   1.0003630831E-06  -1.2090503979E-04   4.5576585599E-05
   39     -6.2685921519E-04   1.3040164512E-03  -3.5916457148E-04   3.0977977153E-04  -4.2968136312E-04
   40     -3.6099827917E-04  -7.9178370994E-05  -4.2570357895E-04   5.1564190523E-05   2.1880671345E-04
   41     -1.2516528530E-03  -3.0689858653E-04   9.2986880945E-05   2.1405781181E-04  -3.4045560137E-05
   42      3.8415709393E-04  -1.5406043752E-04   6.0421577691E-05  -1.1699244129E-04   1.4458870756E-04
   43      3.1204149029E-04   6.6268226430E-05  -2.7730507792E-05  -2.7306566690E-05  -1.5418718222E-05
   44     -9.7581604762E-05   1.0737507185E-04  -7.0652081528E-05   3.2026039545E-05   1.0648136007E-06
   45     -1.3895416517E-04  -1.9808392465E-03   5.9773727539E-04   1.2515380247E-05   5.5180084224E-04
   46     -5.6149540209E-05  -6.0066914859E-04   3.0894503050E-04   8.0364852646E-05   1.9825684016E-04
   47      2.4935189816E-03   2.1028951874E-04  -4.9970409788E-05  -6.7225103084E-04   1.8570670064E-04
                   10                 11                 12                 13                 14        
    0      1.0886709308E-02  -3.0301548780E-03  -1.8147086726E-02   1.0651265877E-02   2.9317316285E-03
    1      4.4618087895E-03  -3.5255198380E-04  -2.2164944129E-03   3.7967703246E-03   4.6388103368E-04
    2     -2.0547957729E-02   1.7612933899E-04  -1.9193994918E-02   2.0810244011E-02   4.6225779499E-04
    3      4.9383271797E-04  -3.0207007458E-04  -1.1409872528E-03   5.2935706171E-04   3.1374895164E-04
    4     -2.5925404627E-03   2.4933181739E-04   2.7609278595E-03  -2.5195399331E-03  -2.3033469955E-04
    5      2.6361983159E-03  -1.6802028758E-03   2.2829432123E-03  -2.6156607466E-03  -1.6882168839E-03
    6     -2.0128098896E-02   1.2924541221E-01  -1.2648043406E-01  -1.7135239474E-02  -1.2855366547E-01
    7     -5.0608841321E-02   3.2312498735E-02  -1.9155994330E-02  -4.9248080820E-02  -2.9066869389E-02
    8      3.1551754823E-02  -2.1101503715E-01  -1.3077895284E-01  -2.8359518627E-02  -2.1560259251E-01
    9      2.2258423445E-02  -1.3848742885E-01   1.0365443027E-02   2.1749114761E-03  -1.5098106151E-02
   10      5.0199435271E-02  -3.5869117076E-02   1.8794648458E-03   3.3047782509E-04  -3.6721194885E-03
   11     -3.5869117076E-02   2.2938419964E-01   1.5566418206E-02   4.1811322574E-03  -1.9762840312E-02
   12      1.8794648458E-03   1.5566418206E-02   1.4045405834E-01   1.9012061298E-02   1.3781189915E-01
   13      3.3047782509E-04   4.1811322574E-03   1.9012061298E-02   4.8874578144E-02   3.2126930914E-02
   14     -3.6721194885E-03  -1.9762840312E-02   1.3781189915E-01   3.2126930914E-02   2.3423757893E-01
   15     -1.5436849919E-02  -2.5256288516E-03  -5.5258568703E-03  -1.5255899299E-02   2.1077301649E-03
   16     -1.2437890843E-03  -6.1974307505E-04   1.8770323625E-04  -7.6646820011E-04   5.9330395528E-04
   17      2.3946317156E-02   1.4530777785E-03  -7.2560572664E-03  -2.4205765734E-02   8.8854182151E-04
   18     -7.5567870315E-04  -6.2052504388E-05   1.5693543848E-03  -5.2143199322E-04   1.4890538801E-04
   19     -1.7873856967E-03   1.4228017096E-04  -3.0049352303E-03  -1.6266149031E-03  -2.5726496683E-04
   20      2.8625842081E-03   1.2733555556E-03   1.8915662984E-03  -2.9201265459E-03   1.2241609134E-03
   21     -3.8064920601E-04  -3.6185029079E-04   5.1724578540E-05  -4.0788382491E-04   3.5775522518E-04
   22      8.3586455968E-04  -1.0665344012E-04   3.6432805436E-05   8.1046944411E-04   1.1608598358E-04
   23     -7.3793421405E-04   1.4468021615E-04  -2.0946012112E-04   7.4871154112E-04   1.4925614143E-04
   24      8.3024182627E-04  -3.5739989454E-04  -1.1881542257E-03   8.0093173462E-04   3.6014108314E-04
   25      2.4389560090E-04   1.3399314181E-05   4.0608720876E-04   2.6034050177E-04   3.7429848260E-07
   26     -1.8920436470E-04   1.7236211257E-04  -3.4150292587E-05   1.8123691845E-04   1.6763011501E-04
   27     -2.9896826264E-04   9.5802500260E-05  -2.6186679006E-04  -3.1223460112E-04  -1.1738047553E-04
   28      1.1324381951E-04  -5.3069860393E-05  -2.6424818040E-04   1.0015436648E-04   5.2031174799E-05
   29      1.1644811936E-04  -7.1059643910E-05   1.2430065072E-04  -1.0950993813E-04  -6.2278400985E-05
   30      1.6833025752E-05  -5.0518651806E-05   9.0134236525E-06   1.0460857470E-05   5.2787590953E-05
   31      2.0563351771E-05  -9.1331153325E-06  -1.7789853016E-05   2.1265335944E-05   1.0327770666E-05
   32      1.6407066868E-05  -4.9454154562E-06   3.9697441294E-05  -1.6678741336E-05  -4.4050010005E-06
   33     -3.0385956025E-05   1.5123861796E-05   7.7825660022E-06  -2.7484823345E-05  -1.6387592740E-05
   34     -9.7139591538E-06   2.1797439563E-06   1.2390144187E-05  -9.6432058048E-06  -2.4398044651E-06
   35     -3.3475092772E-06   2.4415226325E-06  -1.3740063273E-05   2.8003534563E-06   2.3554466798E-06
   36      1.4707120336E-06   6.1059160067E-05   3.1781881619E-06   8.8527636300E-06  -6.3755427983E-05
   37     -1.2899907032E-05   2.5431337718E-05   6.1436121473E-06  -1.3483588658E-05  -2.6651790708E-05
   38     -4.6648097147E-05  -1.5690292729E-06  -4.4287639234E-05   4.8514872067E-05  -1.7382130529E-06
   39     -4.1907943932E-04  -6.7977351071E-05  -2.1725306896E-04  -3.9520517860E-04   8.3985411134E-05
   40      8.0549700656E-04   5.1848822823E-04   2.3254460697E-04   2.2794096376E-04  -5.1447561079E-04
   41      5.2160037503E-04  -1.3620349030E-04   6.6394337596E-05  -3.1374204393E-04   6.7881901524E-05
   42      1.2576202977E-05  -1.4322322057E-05  -5.8797193318E-06   2.1287996412E-05  -1.0603454564E-05
   43     -4.0227031096E-04   5.5549417201E-05  -1.3957186921E-05   6.3996874785E-05  -4.3759035558E-06
   44      2.9528859306E-05   6.4773866753E-05   1.0235636318E-05  -3.4695414535E-08  -5.7460880898E-05
   45      1.0785896885E-03   2.8234090246E-04   5.0696420290E-04   8.5314293034E-04  -3.1059765033E-04
   46     -3.5334548207E-04  -4.7661443166E-04   1.3277077482E-04  -3.0216313001E-04   3.9948849316E-04
   47     -6.2791848323E-04   8.3788876005E-07  -2.6100017317E-04   4.5357423438E-04  -2.0130869982E-05
                   15                 16                 17                 18                 19        
    0      1.4781131049E-02  -1.0556043854E-02  -4.9690686115E-05  -1.3891778153E-01  -4.9433221861E-02
    1      2.3115598675E-02  -1.8102977256E-02   5.3357050451E-05  -4.2622447523E-02  -4.0907361124E-01
    2      3.2557203877E-04  -2.3594432642E-04  -4.5156744682E-03  -1.1520826165E-04  -2.6686052858E-03
    3     -8.2497608699E-04  -2.2088142141E-04   1.2599980924E-06  -9.7809424275E-03  -1.6875204523E-02
    4      2.4848790740E-03  -2.3293606164E-03  -3.2668432369E-05  -2.7976076558E-02  -4.4998998066E-02
    5      2.8266354291E-05  -1.4034223102E-05   2.3004982196E-04   2.9847174099E-04  -4.8979198495E-04
    6     -8.6221033071E-02  -8.8984821675E-02  -1.1506306330E-03   1.6646862704E-02   8.3700484996E-03
    7     -9.6862995912E-02  -2.9068560520E-01  -3.1817741536E-03   2.8569604199E-02  -4.1337853292E-02
    8     -1.2424162829E-03  -3.1169549613E-03  -4.6645184177E-02  -1.5495313643E-04  -5.2554381475E-04
    9     -5.5556319932E-03   2.9507757097E-05   7.1444847308E-03   1.6097947041E-03  -3.0115907040E-03
   10     -1.5436849919E-02  -1.2437890843E-03   2.3946317156E-02  -7.5567870315E-04  -1.7873856967E-03
   11     -2.5256288516E-03  -6.1974307505E-04   1.4530777785E-03  -6.2052504388E-05   1.4228017096E-04
   12     -5.5258568703E-03   1.8770323625E-04  -7.2560572664E-03   1.5693543848E-03  -3.0049352303E-03
   13     -1.5255899299E-02  -7.6646820011E-04  -2.4205765734E-02  -5.2143199322E-04  -1.6266149031E-03
   14      2.1077301649E-03   5.9330395528E-04   8.8854182151E-04   1.4890538801E-04  -2.5726496683E-04
   15      8.9594510929E-02   9.7402223814E-02   1.2968712626E-03  -5.6039898010E-03   6.9824142015E-03
   16      9.7402223814E-02   3.1424964380E-01   3.4206059574E-03   4.5029548657E-03  -3.5595832624E-03
   17      1.2968712626E-03   3.4206059574E-03   4.6018327798E-02   1.1378842712E-05  -6.1037241253E-05
   18     -5.6039898010E-03   4.5029548657E-03   1.1378842712E-05   1.7613002047E-01   7.7433450031E-02
   19      6.9824142015E-03  -3.5595832624E-03  -6.1037241253E-05   7.7433450031E-02   4.9616316414E-01
   20     -5.0413633455E-06  -9.6536485534E-06   3.1945321097E-03  -3.3690664567E-03   2.3654135528E-03
   21     -1.3825671293E-03  -1.7726913189E-03  -1.9399378788E-05  -8.0686225925E-03  -7.6122535942E-03
   22     -1.1469070080E-03   1.5009167029E-03   2.1832569117E-05  -9.6005900812E-03   4.5672087926E-03
   23     -7.9538362787E-06   2.3922530610E-05  -7.1945408205E-04  -2.4820255582E-04   2.6762105139E-05
   24      6.6476507524E-04  -1.6378817728E-04   4.5364030310E-07  -1.5528936688E-02   1.8050900898E-03
   25     -1.4120167999E-03   1.0082867470E-03   6.2384071386E-06  -1.8108106225E-02   9.8120352710E-03
   26     -1.3839915839E-05   5.5416514725E-06   7.8801564468E-05  -2.2019010885E-04   3.8217074369E-05
   27      6.5046658000E-04  -6.9051450339E-04  -6.4614679244E-06   5.9819564929E-03  -7.4485048522E-03
   28      2.7886910456E-04  -3.3322848955E-04  -2.5623979809E-06  -3.0496029435E-03  -5.4956283455E-03
   29      7.4309294845E-07   1.5753245588E-06   7.6018378790E-05  -8.8699427405E-05   5.6053521950E-05
   30      2.3202306985E-04  -1.7275718874E-04  -8.1718106229E-07  -1.8647434087E-03  -1.4726333910E-03
   31     -1.6668371807E-05   2.1674019245E-06   3.5784963471E-07  -3.0569864628E-04   4.9171197596E-04
   32      2.7873089410E-06  -2.1788591758E-06  -5.4084601013E-05  -2.7572065385E-05  -1.9555300805E-05
   33     -5.6777561447E-05   2.1755306360E-05  -2.9256430676E-07   9.2495413211E-04   7.3000617080E-05
   34      2.6748698880E-05  -1.9511963201E-05  -4.4645219226E-07  -4.3705747567E-05  -2.7433662115E-04
   35     -5.0187316831E-07  -1.9655100991E-07   1.5575700984E-05   1.0279787557E-05   3.8723575381E-06
   36     -2.9674978688E-04   2.2810419859E-04   1.8011007703E-06   2.1775201790E-03   2.1899643235E-03
   37     -1.4118574629E-05   5.9348477052E-05   9.5342993874E-07   5.6100715336E-04  -2.2502742600E-04
   38     -3.5243053726E-06   1.7246868378E-06   3.2398972877E-05   2.8293320253E-05   2.6764119317E-05
   39      2.6176521126E-04  -1.9865201813E-04  -1.5634982150E-05  -1.2132002720E-02  -1.4209999823E-02
   40     -3.3114608469E-04  -1.2396417969E-05   1.6439649520E-04  -1.0298608546E-02  -2.9494176352E-03
   41     -3.7790123457E-05   4.2001776718E-05   2.0840144563E-04   4.0469051711E-03   2.9656230303E-03
   42     -1.5025027262E-05   2.9910531190E-05   2.1183545369E-06  -1.7554147979E-03  -6.5533142611E-05
   43      4.1308347963E-05   6.2096490255E-06  -1.0633912484E-04  -5.9699320952E-04  -4.0334655259E-05
   44     -2.5069935440E-06  -2.8416118431E-05   1.4742769676E-05  -8.3908633682E-04  -8.0588789806E-04
   45     -7.0205458687E-04   4.1689826397E-04   4.0927557057E-05  -1.1388029100E-02   6.0079597109E-03
   46      8.5652236731E-05   2.2634771790E-04  -2.6678518186E-05   3.0838735751E-03   3.3467096895E-04
   47      7.6921995925E-05  -5.8340980031E-05  -2.7607083405E-04   6.0744227853E-04  -7.8572709720E-04
                   20                 21                 22                 23                 24        
    0     -4.6837146478E-05   9.3425927345E-04  -1.4573556770E-02  -1.4920202229E-04  -4.4093564796E-02
    1     -3.0160009487E-03  -3.3978928433E-02  -2.9332423132E-02  -5.4497944898E-04   3.1092030128E-02
    2     -8.7433811416E-02  -4.1630983434E-04  -4.8082417665E-04   1.8721243648E-02   2.8093992489E-04
    3     -4.9321278648E-04  -1.8688301102E-01  -1.5744313145E-01  -1.9547041940E-03  -2.0460983108E-01
    4     -6.5404919963E-04  -1.4790548194E-01  -4.9405931756E-01  -4.5157732320E-03   2.8112266942E-02
    5      1.8398214594E-02  -1.8356976591E-03  -4.6900742659E-03  -8.6095001131E-02   9.4518194053E-05
    6      4.4365031092E-05  -1.9071750704E-03   2.1027086015E-04   1.6600106738E-05  -3.2759566681E-03
    7     -3.2365895018E-04   8.7647379059E-04  -1.2833070633E-03  -8.4247878361E-06  -4.7116730197E-03
    8      1.2104065591E-02   5.3524532573E-05   2.4958647215E-05  -2.2621059156E-03  -9.0496521218E-06
    9     -1.9244102012E-03   5.2597877269E-05   2.8587414724E-05   2.0641614049E-04  -1.1974464002E-03
   10      2.8625842081E-03  -3.8064920601E-04   8.3586455968E-04  -7.3793421405E-04   8.3024182627E-04
   11      1.2733555556E-03  -3.6185029079E-04  -1.0665344012E-04   1.4468021615E-04  -3.5739989454E-04
   12      1.8915662984E-03   5.1724578540E-05   3.6432805436E-05  -2.0946012112E-04  -1.1881542257E-03
   13     -2.9201265459E-03  -4.0788382491E-04   8.1046944411E-04   7.4871154112E-04   8.0093173462E-04
   14      1.2241609134E-03   3.5775522518E-04   1.1608598358E-04   1.4925614143E-04   3.6014108314E-04
   15     -5.0413633455E-06  -1.3825671293E-03  -1.1469070080E-03  -7.9538362787E-06   6.6476507524E-04
   16     -9.6536485534E-06  -1.7726913189E-03   1.5009167029E-03   2.3922530610E-05  -1.6378817728E-04
   17      3.1945321097E-03  -1.9399378788E-05   2.1832569117E-05  -7.1945408205E-04   4.5364030310E-07
   18     -3.3690664567E-03  -8.0686225925E-03  -9.6005900812E-03  -2.4820255582E-04  -1.5528936688E-02
   19      2.3654135528E-03  -7.6122535942E-03   4.5672087926E-03   2.6762105139E-05   1.8050900898E-03
   20      5.8602735043E-02   9.5175344489E-05   1.5053100528E-04  -2.1133564580E-03   2.2873282842E-04
   21      9.5175344489E-05   1.8908613968E-01   1.5801183619E-01   2.1108960134E-03   3.3136309846E-02
   22      1.5053100528E-04   1.5801183619E-01   6.1454880252E-01   6.3021066312E-03   6.5892194212E-03
   23     -2.1133564580E-03   2.1108960134E-03   6.3021066312E-03   5.2843633348E-02   1.5616820930E-04
   24      2.2873282842E-04   3.3136309846E-02   6.5892194212E-03   1.5616820930E-04   4.4377450930E-01
   25      8.5470656972E-05   2.4312833257E-02  -9.8184212806E-02  -1.3124005194E-03   1.1077886931E-01
   26      2.3773236773E-03   3.3098247637E-04  -1.2262213889E-03   1.4447944780E-02   2.1531830532E-03
   27     -2.7137432191E-04  -5.7806125932E-03   1.4745211516E-02   1.5794696043E-04  -2.0637699798E-01
   28      1.5355480366E-05   5.0181424008E-03   4.3176117185E-04  -6.6052011325E-05  -1.7499090933E-01
   29     -6.3148711372E-03   4.1457384691E-05  -5.6130009044E-05   6.8181886792E-03  -2.7378232150E-03
   30      4.0147623276E-05  -1.7445097865E-02  -5.2267255482E-03  -2.9800378071E-04   1.1206373032E-03
   31      8.4385438070E-06   4.1443646827E-05   5.3882823716E-03   1.2915314553E-05  -2.6774043363E-03
   32      3.2217089206E-04  -2.5759823774E-04  -4.5809066848E-05   4.6247046846E-03  -1.5737408805E-05
   33     -2.0821488397E-05  -9.0298826789E-05  -2.1685769347E-03  -3.4912244948E-05   1.4484528637E-03
   34      2.7335445252E-06  -1.7660249568E-03  -8.7769850479E-04  -1.8581410574E-05   1.0105980848E-04
   35     -8.4105873275E-05  -2.4639082586E-05  -2.4671127878E-05  -4.4219477561E-04   9.8548266671E-06
   36     -4.5397325228E-05  -2.6356165441E-03   9.9525912320E-03   1.5637962215E-04  -4.7263402266E-03
   37     -8.3692138749E-06   5.1078112034E-03  -4.6798001825E-03   6.2187195313E-05   1.4054929963E-03
   38     -3.6063434999E-04   9.8056235243E-05   1.1809930626E-04  -5.9439645598E-03  -3.8562368562E-05
   39      3.5464278533E-03  -1.5427679665E-03  -1.2901888425E-03   8.7856349712E-05  -1.1459489384E-03
   40      1.6082977938E-03  -1.0944197399E-03  -2.6944812428E-04   5.3741031803E-05  -1.4783189560E-03
   41      4.9666448315E-03   3.7194926733E-04   3.1465357747E-04   2.6936407870E-04   3.2668886745E-04
   42     -1.4909496817E-03   1.3175023898E-04   1.6849448789E-04  -7.3513676128E-05  -1.7388405331E-05
   43     -8.5646833392E-04   2.2686835129E-04  -1.6048773971E-05  -6.4943330810E-05   2.9356925924E-04
   44      4.3909458652E-04  -2.0445278693E-04  -1.5416039911E-04   8.3254584380E-06  -1.7605817913E-04
   45      1.7940501167E-03   2.3429881169E-03   1.7436621414E-03   8.3373768045E-05   2.0158910266E-03
   46      6.7792971226E-04   1.2862947400E-03   6.1895058251E-04   3.8793626093E-05   1.8634261017E-03
   47     -6.5955185589E-03  -3.3953394802E-04  -2.6377486657E-04  -4.5126411184E-04  -3.1281116023E-04
                   25                 26                 27                 28                 29        
    0      6.0873449593E-03   6.8641131063E-05  -5.0443089207E-03   5.1055137193E-03   4.5969864706E-05
    1     -1.4653087025E-02  -3.6331255077E-04   1.7451078187E-02   9.2586723431E-04  -1.5373723972E-05
    2     -3.3003067960E-04   1.9925660744E-02   1.4895169486E-04  -3.7847715189E-06   6.7150413146E-04
    3      9.0490574363E-02   8.8401502030E-04   2.8679070273E-02  -1.3310954750E-02  -1.6655696481E-04
    4     -1.4975590596E-01  -1.0636935846E-03   1.1194722445E-02  -5.2652425327E-02  -5.1854532566E-04
    5     -8.2743047044E-04  -6.5755099890E-02   1.8252278415E-04  -6.7738100569E-04  -2.3307444230E-03
    6     -5.7004998466E-04   1.8637862351E-05   8.8830302531E-04  -9.1524101140E-04  -2.8073694680E-05
    7      1.7969743363E-03   3.3142957398E-05  -1.7305930107E-03  -1.5762095819E-03  -2.8640686570E-05
    8     -3.2759493836E-05  -1.3870755833E-03   4.9120383255E-05   9.8822743196E-07   1.4859128038E-03
    9      4.1935823226E-04   3.7310708575E-05  -2.7891756546E-04  -2.7002429656E-04  -1.2507696437E-04
   10      2.4389560090E-04  -1.8920436470E-04  -2.9896826264E-04   1.1324381951E-04   1.1644811936E-04
   11      1.3399314181E-05   1.7236211257E-04   9.5802500260E-05  -5.3069860393E-05  -7.1059643910E-05
   12      4.0608720876E-04  -3.4150292587E-05  -2.6186679006E-04  -2.6424818040E-04   1.2430065072E-04
   13      2.6034050177E-04   1.8123691845E-04  -3.1223460112E-04   1.0015436648E-04  -1.0950993813E-04
   14      3.7429848260E-07   1.6763011501E-04  -1.1738047553E-04   5.2031174799E-05  -6.2278400985E-05
   15     -1.4120167999E-03  -1.3839915839E-05   6.5046658000E-04   2.7886910456E-04   7.4309294845E-07
   16      1.0082867470E-03   5.5416514725E-06  -6.9051450339E-04  -3.3322848955E-04   1.5753245588E-06
   17      6.2384071386E-06   7.8801564468E-05  -6.4614679244E-06  -2.5623979809E-06   7.6018378790E-05
   18     -1.8108106225E-02  -2.2019010885E-04   5.9819564929E-03  -3.0496029435E-03  -8.8699427405E-05
   19      9.8120352710E-03   3.8217074369E-05  -7.4485048522E-03  -5.4956283455E-03   5.6053521950E-05
   20      8.5470656972E-05   2.3773236773E-03  -2.7137432191E-04   1.5355480366E-05  -6.3148711372E-03
   21      2.4312833257E-02   3.3098247637E-04  -5.7806125932E-03   5.0181424008E-03   4.1457384691E-05
   22     -9.8184212806E-02  -1.2262213889E-03   1.4745211516E-02   4.3176117185E-04  -5.6130009044E-05
   23     -1.3124005194E-03   1.4447944780E-02   1.5794696043E-04  -6.6052011325E-05   6.8181886792E-03
   24      1.1077886931E-01   2.1531830532E-03  -2.0637699798E-01  -1.7499090933E-01  -2.7378232150E-03
   25      5.4737710453E-01   6.6408995747E-03  -2.1389885230E-01  -2.9630388639E-01  -4.2514574313E-03
   26      6.6408995747E-03   5.1668174047E-02  -3.1806475228E-03  -3.9912270073E-03  -2.1020842691E-02
   27     -2.1389885230E-01  -3.1806475228E-03   1.8297811141E-01   1.8229165416E-01   2.8351366221E-03
   28     -2.9630388639E-01  -3.9912270073E-03   1.8229165416E-01   3.5467303378E-01   4.7572605506E-03
   29     -4.2514574313E-03  -2.1020842691E-02   2.8351366221E-03   4.7572605506E-03   2.0864944048E-02
   30     -5.3075485485E-03  -9.1909320598E-05   6.4617350369E-05   9.6969025461E-04   8.1042164430E-06
   31      7.9839455354E-04  -4.2557357613E-05  -4.9668342386E-05   5.0883170792E-04   8.4873288220E-06
   32     -8.0312286707E-05   1.6248605700E-03  -1.0284238541E-06   1.7477381929E-05  -7.6311198388E-05
   33      2.3679787066E-04   2.9140301263E-05   1.3392976498E-04  -8.7953395163E-04  -7.3592165808E-06
   34     -2.2708965708E-03  -1.6473807741E-05  -2.8080561140E-04  -4.5955076044E-05  -3.1447339214E-06
   35     -3.3057921017E-06  -1.1047732306E-03  -2.9724906885E-06  -1.1752509155E-05   1.0634173668E-04
   36      6.6633507368E-03   5.8593031063E-05  -6.6249172100E-04  -3.9529999672E-04   2.6703909126E-06
   37     -4.5566273739E-04   2.2607036782E-05   9.7216421318E-05  -4.8859406381E-04  -3.4404017152E-06
   38      6.8359980625E-05  -1.1674575395E-03  -3.9517819404E-06  -6.7406145069E-06  -1.2771701509E-04
   39     -6.8054782104E-04   1.9450190451E-05   1.4882696094E-03  -6.0817608395E-05   5.7774241361E-06
   40      4.3727886395E-05   9.3492970704E-06   1.1565228702E-03  -5.0472503038E-04   2.9442689483E-05
   41      2.2527722268E-04   1.9007341894E-04  -4.4483788853E-04   7.6970193884E-06  -1.3485558072E-04
   42      1.1864237304E-04  -6.8461767236E-05  -7.4303566002E-05  -1.1657793338E-04   8.6697403202E-05
   43     -1.2932327889E-04  -3.8611019094E-05  -1.3364636037E-04   1.3594724571E-04  -1.4092036101E-06
   44     -9.3574263883E-05  -1.6881362245E-07   1.8679222357E-04   3.5661450697E-05   3.4210398982E-05
   45      8.1315956581E-04   4.6006404307E-05  -2.3852253702E-03   2.9384703750E-04  -2.8957708831E-05
   46      4.1221534115E-04   3.6768181928E-05  -1.7971244213E-03   5.1181297769E-04  -1.6389435635E-05
   47     -1.4521012905E-04  -2.1741328067E-04   4.0407134639E-04  -3.9127752630E-05   8.1559913864E-05
                   30                 31                 32                 33                 34        
    0      2.5549717216E-03  -2.3932118731E-04   1.6621739533E-05  -4.8535946056E-04   3.5295160711E-04
    1      5.2346660572E-05  -1.5970425236E-04   1.2469798305E-05  -7.3406859467E-05   4.8862377453E-05
    2      3.3248167609E-05   2.0665278417E-05  -1.1792913517E-03  -5.2273011154E-06  -1.1614229827E-06
    3     -1.0950284006E-03   3.7490896670E-03   3.1212523416E-05  -3.1917185489E-03   2.3730615488E-04
    4      1.0206910070E-02  -4.3915436211E-03   8.9285022683E-05   2.3502935501E-03   2.9219627094E-03
    5      1.1795300902E-04  -1.5731027046E-05  -1.3751059502E-03   1.0904609740E-05   2.6929530890E-05
    6     -5.2404786856E-04  -1.5523835490E-04  -6.2769442529E-06   2.5851518612E-04   1.2428051430E-05
    7     -1.5214269343E-05  -8.3056187078E-05  -1.5419554455E-06   5.5046166937E-05   2.7251207631E-05
    8      4.7543467046E-06  -4.0482981509E-06   1.0408104908E-04  -7.0023188738E-07   1.0551397833E-06
    9      8.9270488133E-06  -1.5584688107E-05  -4.1042994701E-05   7.6643441883E-06   1.1354292517E-05
   10      1.6833025752E-05   2.0563351771E-05   1.6407066868E-05  -3.0385956025E-05  -9.7139591538E-06
   11     -5.0518651806E-05  -9.1331153325E-06  -4.9454154562E-06   1.5123861796E-05   2.1797439563E-06
   12      9.0134236525E-06  -1.7789853016E-05   3.9697441294E-05   7.7825660022E-06   1.2390144187E-05
   13      1.0460857470E-05   2.1265335944E-05  -1.6678741336E-05  -2.7484823345E-05  -9.6432058048E-06
   14      5.2787590953E-05   1.0327770666E-05  -4.4050010005E-06  -1.6387592740E-05  -2.4398044651E-06
   15      2.3202306985E-04  -1.6668371807E-05   2.7873089410E-06  -5.6777561447E-05   2.6748698880E-05
   16     -1.7275718874E-04   2.1674019245E-06  -2.1788591758E-06   2.1755306360E-05  -1.9511963201E-05
   17     -8.1718106229E-07   3.5784963471E-07  -5.4084601013E-05  -2.9256430676E-07  -4.4645219226E-07
   18     -1.8647434087E-03  -3.0569864628E-04  -2.7572065385E-05   9.2495413211E-04  -4.3705747567E-05
   19     -1.4726333910E-03   4.9171197596E-04  -1.9555300805E-05   7.3000617080E-05  -2.7433662115E-04
   20      4.0147623276E-05   8.4385438070E-06   3.2217089206E-04  -2.0821488397E-05   2.7335445252E-06
   21     -1.7445097865E-02   4.1443646827E-05  -2.5759823774E-04  -9.0298826789E-05  -1.7660249568E-03
   22     -5.2267255482E-03   5.3882823716E-03  -4.5809066848E-05  -2.1685769347E-03  -8.7769850479E-04
   23     -2.9800378071E-04   1.2915314553E-05   4.6247046846E-03  -3.4912244948E-05  -1.8581410574E-05
   24      1.1206373032E-03  -2.6774043363E-03  -1.5737408805E-05   1.4484528637E-03   1.0105980848E-04
   25     -5.3075485485E-03   7.9839455354E-04  -8.0312286707E-05   2.3679787066E-04  -2.2708965708E-03
   26     -9.1909320598E-05  -4.2557357613E-05   1.6248605700E-03   2.9140301263E-05  -1.6473807741E-05
   27      6.4617350369E-05  -4.9668342386E-05  -1.0284238541E-06   1.3392976498E-04  -2.8080561140E-04
   28      9.6969025461E-04   5.0883170792E-04   1.7477381929E-05  -8.7953395163E-04  -4.5955076044E-05
   29      8.1042164430E-06   8.4873288220E-06  -7.6311198388E-05  -7.3592165808E-06  -3.1447339214E-06
   30      4.9757173593E-01  -6.8979027503E-02   5.4907772871E-03  -4.1442916029E-02   3.4634926481E-02
   31     -6.8979027503E-02   5.9833887120E-01   9.1981352096E-03  -2.2172941746E-02  -5.3778282144E-01
   32      5.4907772871E-03   9.1981352096E-03   1.6439938266E-02  -9.1932568301E-04  -8.8320348749E-03
   33     -4.1442916029E-02  -2.2172941746E-02  -9.1932568301E-04   4.8159530350E-02  -2.8790350545E-02
   34      3.4634926481E-02  -5.3778282144E-01  -8.8320348749E-03  -2.8790350545E-02   5.5427590961E-01
   35      8.3206793655E-05  -9.6603736911E-03  -3.9624221089E-03   1.4170448198E-04   9.2596916087E-03
   36     -4.3952307311E-01   9.0750220098E-02  -4.3218108644E-03  -5.5424852635E-03  -4.5553191212E-03
   37      3.5157329118E-02  -6.3174178542E-02  -3.2229475792E-04   5.1515263912E-02  -1.5991983451E-02
   38     -5.3116550123E-03   4.6697137856E-04  -1.6459035865E-02   7.8268793548E-04  -4.0200231440E-04
   39     -5.5677650015E-04  -6.5558056729E-05  -1.6855255099E-05   2.2157212221E-04  -1.4705063253E-05
   40     -4.5971470340E-04   1.4391126272E-05  -9.9825660943E-07   1.7477830779E-04  -4.6269317126E-05
   41      1.2565286609E-04   1.3525293976E-05   6.2358496020E-05  -5.0423438856E-05   3.6346828665E-06
   42      8.0247241825E-05   2.3151239431E-05  -7.8150758435E-06  -3.6714137199E-05  -4.7593866951E-06
   43      1.1449264240E-04  -8.1371813261E-06  -9.6535880577E-06  -4.3397371153E-05   1.4312699877E-05
   44     -7.7279623623E-05  -1.1257434060E-05  -1.8245142797E-05   3.0957630721E-05  -2.3620314482E-06
   45      8.0951009550E-04   7.4717870446E-05   2.3921079737E-05  -3.1613150219E-04   3.6704214198E-05
   46      5.2691060712E-04   1.4962196965E-05   1.0917388643E-05  -2.1105656436E-04   4.0531500400E-05
   47     -1.1640275782E-04  -1.0357225082E-05  -4.4267323737E-05   4.5568987989E-05  -4.6249790960E-06
                   35                 36                 37                 38                 39        
    0      4.9812037861E-06  -3.4242680506E-03  -1.1648227180E-04  -2.7564197661E-05  -4.5097324219E-03
    1     -9.7735519042E-06   5.6725231011E-06   7.8223304354E-05  -8.0677585153E-06   6.8453712483E-03
    2      3.1854907133E-04  -2.8308129125E-05  -3.4890848665E-05   1.7938221439E-03   9.7361964696E-05
    3     -2.1650939971E-05   2.9925289692E-03  -7.7211409070E-03  -5.3663280051E-05   1.6926682412E-03
    4      4.0771477036E-05  -1.8563288032E-02   7.4035529958E-04  -2.0339235619E-04   6.5404144833E-05
    5      6.2784541724E-04  -2.2136502283E-04  -5.1414560075E-05   1.7449533010E-03  -6.2685921519E-04
    6      1.1347787131E-06   6.1709604201E-04   2.1435808383E-04   9.7342472643E-06   1.3040164512E-03
    7      1.6943808453E-06  -1.3996743943E-05   6.2118232854E-05   1.0003630831E-06  -3.5916457148E-04
    8     -2.1614843268E-05  -7.8925835793E-06   2.1320624041E-06  -1.2090503979E-04   3.0977977153E-04
    9      1.4112423011E-05   4.1397041919E-06   5.0129999619E-06   4.5576585599E-05  -4.2968136312E-04
   10     -3.3475092772E-06   1.4707120336E-06  -1.2899907032E-05  -4.6648097147E-05  -4.1907943932E-04
   11      2.4415226325E-06   6.1059160067E-05   2.5431337718E-05  -1.5690292729E-06  -6.7977351071E-05
   12     -1.3740063273E-05   3.1781881619E-06   6.1436121473E-06  -4.4287639234E-05  -2.1725306896E-04
   13      2.8003534563E-06   8.8527636300E-06  -1.3483588658E-05   4.8514872067E-05  -3.9520517860E-04
   14      2.3554466798E-06  -6.3755427983E-05  -2.6651790708E-05  -1.7382130529E-06   8.3985411134E-05
   15     -5.0187316831E-07  -2.9674978688E-04  -1.4118574629E-05  -3.5243053726E-06   2.6176521126E-04
   16     -1.9655100991E-07   2.2810419859E-04   5.9348477052E-05   1.7246868378E-06  -1.9865201813E-04
   17      1.5575700984E-05   1.8011007703E-06   9.5342993874E-07   3.2398972877E-05  -1.5634982150E-05
   18      1.0279787557E-05   2.1775201790E-03   5.6100715336E-04   2.8293320253E-05  -1.2132002720E-02
   19      3.8723575381E-06   2.1899643235E-03  -2.2502742600E-04   2.6764119317E-05  -1.4209999823E-02
   20     -8.4105873275E-05  -4.5397325228E-05  -8.3692138749E-06  -3.6063434999E-04   3.5464278533E-03
   21     -2.4639082586E-05  -2.6356165441E-03   5.1078112034E-03   9.8056235243E-05  -1.5427679665E-03
   22     -2.4671127878E-05   9.9525912320E-03  -4.6798001825E-03   1.1809930626E-04  -1.2901888425E-03
   23     -4.4219477561E-04   1.5637962215E-04   6.2187195313E-05  -5.9439645598E-03   8.7856349712E-05
   24      9.8548266671E-06  -4.7263402266E-03   1.4054929963E-03  -3.8562368562E-05  -1.1459489384E-03
   25     -3.3057921017E-06   6.6633507368E-03  -4.5566273739E-04   6.8359980625E-05  -6.8054782104E-04
   26     -1.1047732306E-03   5.8593031063E-05   2.2607036782E-05  -1.1674575395E-03   1.9450190451E-05
   27     -2.9724906885E-06  -6.6249172100E-04   9.7216421318E-05  -3.9517819404E-06   1.4882696094E-03
   28     -1.1752509155E-05  -3.9529999672E-04  -4.8859406381E-04  -6.7406145069E-06  -6.0817608395E-05
   29      1.0634173668E-04   2.6703909126E-06  -3.4404017152E-06  -1.2771701509E-04   5.7774241361E-06
   30      8.3206793655E-05  -4.3952307311E-01   3.5157329118E-02  -5.3116550123E-03  -5.5677650015E-04
   31     -9.6603736911E-03   9.0750220098E-02  -6.3174178542E-02   4.6697137856E-04  -6.5558056729E-05
   32     -3.9624221089E-03  -4.3218108644E-03  -3.2229475792E-04  -1.6459035865E-02  -1.6855255099E-05
   33      1.4170448198E-04  -5.5424852635E-03   5.1515263912E-02   7.8268793548E-04   2.2157212221E-04
   34      9.2596916087E-03  -4.5553191212E-03  -1.5991983451E-02  -4.0200231440E-04  -1.4705063253E-05
   35      1.5138713651E-03  -2.0391068281E-04   3.9284996286E-04   3.0274981261E-03   3.3162449601E-06
   36     -2.0391068281E-04   4.5140460501E-01  -8.6106673021E-02   4.5253427388E-03   6.5336071556E-04
   37      3.9284996286E-04  -8.6106673021E-02   8.4143671139E-02  -6.9760629658E-05   1.2656287492E-04
   38      3.0274981261E-03   4.5253427388E-03  -6.9760629658E-05   1.7595209151E-02   2.1690642054E-05
