
$orca_hessian_file

$act_atom
  0

$act_coord
  0

$act_energy
        0.000000

$multiplicity
  1

$hessian
48
                    0                  1                  2                  3                  4        
    0      5.1588671389E-01  -2.7870139780E-02   2.6752405918E-04  -2.3035706863E-01  -9.6117903478E-02
    1     -2.7870139780E-02   4.7448894131E-01   3.0700229196E-03  -6.2575766153E-02  -1.3345901037E-01
    2      2.6752405918E-04   3.0700229196E-03   9.3864726230E-02  -1.1458011806E-03  -1.2833060694E-03
    3     -2.3035706863E-01  -6.2575766153E-02  -1.1458011806E-03   5.6545821795E-01   7.8306149416E-02
    4     -9.6117903478E-02  -1.3345901037E-01  -1.2833060694E-03   7.8306149416E-02   6.3695259255E-01
    5     -8.1877848489E-04  -1.3389031264E-04  -3.9738338621E-02   1.3522168673E-03   5.8095263971E-03
    6     -1.2473332248E-01   5.6741151402E-02   4.3971015540E-04  -2.1130725463E-02   4.5761927658E-02
    7      9.3591343018E-02  -8.5803679770E-02  -1.0251202233E-04  -1.0355323421E-02   1.6418429883E-03
    8      3.8773079936E-04  -7.4181441416E-04  -4.8586559025E-02   1.9164143332E-05  -2.7812710133E-04
    9     -1.8112351793E-02   4.3962147870E-03   1.6235851458E-02   9.2092037671E-05   2.9703645678E-03
   10      1.2541122337E-02  -4.4183823805E-03  -1.5866214000E-02  -4.4025541442E-04  -2.0644282303E-03
   11     -6.0507614101E-04  -1.5897579674E-03   3.1831148931E-03  -1.7811979281E-03  -1.8031554907E-03
   12     -1.8017716300E-02   4.6288028054E-03  -1.6402540755E-02   1.3732643852E-04   2.8437418317E-03
   13      1.2611911455E-02  -4.3313361414E-03   1.5915222709E-02  -5.6472955512E-04  -1.9525514829E-03
   14      6.1470130491E-04   1.5683916817E-03   3.4029133578E-03   1.7390539550E-03   1.8270437115E-03
   15     -7.7674057693E-03   2.3381781014E-02   2.4317125832E-04   2.9769377294E-03  -3.8439569010E-03
   16     -5.5495811101E-03  -1.3164291736E-02  -1.8950513578E-04   1.6122310415E-03   8.5361556833E-03
   17     -1.2571526784E-04  -4.9643145951E-05  -2.5405932875E-03   4.4652725105E-05   1.9470881717E-05
   18     -3.8247341618E-02  -1.3677148946E-02  -1.4188844543E-04  -6.6185747350E-03   3.1377085801E-02
   19     -2.9350031507E-02  -2.9177714631E-01  -2.3389428430E-03   8.9112316897E-03   4.5849752104E-02
   20      6.8533927780E-05  -4.2903298858E-03  -3.0308956913E-02   7.8518620089E-05   2.1421187857E-04
   21     -8.5531590476E-03  -2.5010085338E-03   1.0413388314E-04  -1.2931626826E-01  -1.0325803982E-01
   22     -3.9585313637E-03   3.8542714757E-02   6.1277191615E-04  -1.0989817390E-01  -3.9918854631E-01
   23     -1.3940757117E-04   7.3158257015E-05   6.6402206516E-03  -1.4088874770E-03  -3.7474282256E-03
   24     -4.6437281689E-02   4.2309852542E-02   5.2021270804E-04  -1.7920341577E-01   6.3037175215E-02
   25      4.2713952080E-02   1.8012174036E-02   4.6836164603E-07   1.1863298509E-01  -1.0708113821E-01
   26      4.2845232772E-04   7.7070959543E-05   1.3027804085E-02   1.2210385353E-03  -8.7281369692E-04
   27     -2.7901977969E-02  -2.0431631529E-02  -2.4158176405E-04   1.2259611688E-03  -1.6568079389E-02
   28     -4.6108239473E-04   1.6242715274E-03   1.1983493326E-05  -2.1419847020E-02  -5.4093272753E-02
   29     -1.4024548157E-05  -8.2915789998E-05   1.2596564413E-03  -2.9182218281E-04  -5.1521698455E-04
   30     -6.7137595460E-03  -9.9133108855E-03  -9.3909207444E-05  -9.7204783297E-05  -1.8114947386E-03
   31     -1.1050406607E-04  -3.6810507653E-04   1.3587681079E-06   3.1004154461E-03  -3.5801182548E-03
   32     -1.0162758614E-04  -1.5717165343E-04  -3.7429948299E-05  -1.6967182804E-05  -1.6314757273E-04
   33      1.1846313918E-03   1.5723250735E-03   8.0300936907E-06  -3.1443898477E-03   3.3625419350E-03
   34     -1.8961992510E-03  -3.2542666606E-03  -3.9143123241E-05  -2.2433591793E-04  -1.4894783653E-03
   35     -5.6545745974E-06  -1.3850658546E-05   1.1070856292E-04  -2.0820887402E-05   1.1739802036E-05
   36      6.0009178827E-03   7.6110172722E-03   6.3555044118E-05   1.7739730266E-04  -8.1565799953E-03
   37      3.0134334273E-03   4.7876829710E-03   5.0738487911E-05  -5.7177315798E-03   6.5027303754E-03
   38      1.3154826250E-04   1.8290035825E-04   3.1087534263E-05   2.1058709662E-05   1.7064713480E-04
   39     -6.2811056342E-03  -3.4920493207E-03   3.0455919029E-04  -6.5145041885E-04  -7.7131441200E-03
   40     -3.7331640259E-03  -4.3579675586E-03  -1.1664150261E-04   4.7219357205E-04  -6.8982901261E-03
   41      1.8753656830E-03   2.6136849623E-03   2.6852217237E-04   5.7175262907E-04   3.3303029774E-03
   42      4.0986379394E-04  -6.2875005265E-04  -1.0052878665E-04  -3.6474286411E-04  -1.8125467188E-04
   43      1.0485006426E-04   2.0684226128E-04   8.1173514406E-05  -5.9396516056E-04   3.6827743931E-04
   44     -1.2155771270E-03  -3.4794103952E-03   5.0057088358E-05  -4.8458909833E-05  -2.6300078075E-03
   45      9.6403635250E-03   2.0260522893E-04  -6.0121482372E-05   8.1590814210E-04   1.0411410274E-02
   46      4.7165796696E-03   3.2715591407E-03   2.1121416440E-04   3.3497828722E-04   9.9554829597E-03
   47     -7.4837129254E-04   2.9348654470E-03  -6.2693322117E-04  -3.4566720376E-04  -1.0500148681E-04
                    5                  6                  7                  8                  9        
    0     -8.1877848489E-04  -1.2473332248E-01   9.3591343018E-02   3.8773079936E-04  -1.8112351793E-02
    1     -1.3389031264E-04   5.6741151402E-02  -8.5803679770E-02  -7.4181441416E-04   4.3962147870E-03
    2     -3.9738338621E-02   4.3971015540E-04  -1.0251202233E-04  -4.8586559025E-02   1.6235851458E-02
    3      1.3522168673E-03  -2.1130725463E-02  -1.0355323421E-02   1.9164143332E-05   9.2092037671E-05
    4      5.8095263971E-03   4.5761927658E-02   1.6418429883E-03  -2.7812710133E-04   2.9703645678E-03
    5      1.6338451205E-01   4.1992840006E-04   3.8271351673E-05   1.4229085929E-03   1.2830693837E-03
    6      4.1992840006E-04   4.9415734481E-01   5.7570563235E-02   9.0714026587E-05  -1.2962026551E-01
    7      3.8271351673E-05   5.7570563235E-02   5.3290132739E-01   5.8137329192E-04  -2.5738672940E-02
    8      1.4229085929E-03   9.0714026587E-05   5.8137329192E-04   5.1615736292E-01   1.2626247251E-01
    9      1.2830693837E-03  -1.2962026551E-01  -2.5738672940E-02   1.2626247251E-01   1.4452711064E-01
   10     -5.3574419522E-04  -2.2954289264E-02  -5.0641698633E-02   3.1487666618E-02   2.1928320964E-02
   11     -6.8656912833E-04   1.2438660763E-01   3.2447577952E-02  -2.1425134521E-01  -1.3520544002E-01
   12     -1.2154999663E-03  -1.2652242457E-01  -2.2802894085E-02  -1.2570904791E-01   1.0539348511E-02
   13      4.9767329324E-04  -1.9979835622E-02  -4.9454562724E-02  -2.8196180822E-02   2.0498237217E-03
   14     -6.6219692693E-04  -1.2377244956E-01  -2.9169211238E-02  -2.1873538331E-01  -1.4919511449E-02
   15     -8.7027153477E-05  -7.6221370576E-02  -9.6815134908E-02  -1.2052394120E-03  -5.0863584220E-03
   16      7.0019774953E-05  -9.4859660148E-02  -2.8883645455E-01  -3.1342906994E-03   1.1128608426E-04
   17      5.1975133858E-04  -1.2196191320E-03  -3.1967190172E-03  -4.3962271203E-02   8.2822411236E-03
   18     -5.5558918209E-04  -8.1093474635E-03   1.1227330070E-02   7.9783196742E-04  -1.3753907795E-04
   19     -4.6398107923E-04  -2.9606042034E-04  -5.6359805074E-02   2.3575310599E-04  -4.6858717122E-03
   20      1.0164425095E-04  -3.2058732700E-04  -5.0242277013E-04   2.5264791205E-03  -9.0589446207E-04
   21     -1.4887853149E-03  -6.8088253377E-03  -4.3511731764E-03  -3.5735221261E-05  -1.1215867113E-03
   22     -4.1288218407E-03  -9.7957513492E-03  -1.9902278758E-03   5.2341731213E-05  -1.2452751706E-03
   23     -7.0121611145E-02  -1.2325169262E-04  -4.4234644101E-05   3.8783666938E-04  -3.3478339392E-04
   24      3.8175633703E-04  -8.3214958306E-03  -3.2565832194E-03  -1.9061463299E-05  -1.5575886437E-03
   25     -7.7987979903E-04  -1.1088697623E-02   1.5676304977E-03   1.5472496490E-04   4.5554772495E-04
   26     -5.4955891748E-02  -1.2920598506E-04  -1.5675960072E-05   5.6813144243E-03  -1.0000825607E-03
   27      8.8514255334E-05   8.7082029388E-03   1.5726074294E-03  -7.4827711903E-05   3.6630939217E-04
   28     -6.5393622791E-04   8.9735925613E-04  -1.7710377737E-03  -1.8982831849E-05  -3.7939669551E-04
   29      6.8400531442E-04  -6.6367585636E-06  -3.1128782932E-05  -1.3353441042E-03   3.0805807961E-04
   30      6.9271162489E-05   2.5511999297E-03   3.8981486980E-04  -4.8028606775E-05   3.3032266170E-05
   31     -5.6496782580E-06  -6.1196576582E-05  -3.4922263807E-05  -4.7059762631E-07  -2.4454071050E-05
   32     -1.0319998473E-03   4.7375084592E-05   1.2359104449E-05  -1.0264453268E-04  -1.5287294409E-05
   33     -4.9098154050E-06  -3.8230411826E-04  -1.9980713781E-05   1.3739582172E-05   3.0819089872E-05
   34     -4.2317648225E-06   8.6479023634E-04   2.4398574575E-04  -9.4500046675E-06   5.3843250667E-05
   35      6.5856298785E-04   6.1185511163E-06  -2.0203616980E-07   2.8521927181E-05   9.6527369863E-06
   36     -1.8602972052E-04  -2.2098106235E-03   7.6856284788E-06   5.3240698427E-05   4.7004058949E-05
   37     -1.2126480269E-05  -1.2181311863E-03  -1.5152452183E-04   1.3639623405E-05  -2.8464208667E-05
   38      9.6605790598E-04  -6.6098256039E-05  -9.3042651266E-06   2.0933764697E-04  -2.2901573650E-06
   39      4.4052925733E-04   1.5260721642E-03   1.3051945350E-03  -3.4203104962E-04   9.3524792739E-05
   40      2.7979276733E-04   1.4626403970E-03  -1.4242367678E-04  -5.9333558153E-04   1.4922260498E-04
   41      8.3405787912E-04  -5.2100540756E-04  -4.3233743392E-04  -1.2072182448E-03  -6.3687539578E-05
   42     -2.6616530864E-04  -6.1255388488E-05  -5.6241554790E-05   2.1466832826E-04   5.4034881517E-05
   43     -2.3756985872E-04  -2.3160976732E-04   1.8597791139E-05   4.8479969247E-04   7.9183117956E-06
   44      1.3705708383E-04   1.3864840221E-04   2.6514437949E-04  -9.0101821627E-05   8.8911930416E-05
   45      5.9966605060E-04  -2.8216724677E-03  -2.3712541698E-03  -4.1193022018E-04  -1.4758551269E-04
   46      2.7580930505E-04  -2.7104808263E-03  -1.1870475490E-03  -3.7932307151E-05  -2.3631369772E-05
   47     -1.5119499914E-03   6.3609141580E-04   1.5930742150E-04   1.8571061515E-03  -2.9801158609E-05
                   10                 11                 12                 13                 14        
    0      1.2541122337E-02  -6.0507614101E-04  -1.8017716300E-02   1.2611911455E-02   6.1470130491E-04
    1     -4.4183823805E-03  -1.5897579674E-03   4.6288028054E-03  -4.3313361414E-03   1.5683916817E-03
    2     -1.5866214000E-02   3.1831148931E-03  -1.6402540755E-02   1.5915222709E-02   3.4029133578E-03
    3     -4.4025541442E-04  -1.7811979281E-03   1.3732643852E-04  -5.6472955512E-04   1.7390539550E-03
    4     -2.0644282303E-03  -1.8031554907E-03   2.8437418317E-03  -1.9525514829E-03   1.8270437115E-03
    5     -5.3574419522E-04  -6.8656912833E-04  -1.2154999663E-03   4.9767329324E-04  -6.6219692693E-04
    6     -2.2954289264E-02   1.2438660763E-01  -1.2652242457E-01  -1.9979835622E-02  -1.2377244956E-01
    7     -5.0641698633E-02   3.2447577952E-02  -2.2802894085E-02  -4.9454562724E-02  -2.9169211238E-02
    8      3.1487666618E-02  -2.1425134521E-01  -1.2570904791E-01  -2.8196180822E-02  -2.1873538331E-01
    9      2.1928320964E-02  -1.3520544002E-01   1.0539348511E-02   2.0498237217E-03  -1.4919511449E-02
   10      5.1719868693E-02  -3.5324323683E-02   1.7765205297E-03   9.2715462602E-04  -4.0079718698E-03
   11     -3.5324323683E-02   2.3069332395E-01   1.5397878312E-02   4.5374864604E-03  -2.0639561206E-02
   12      1.7765205297E-03   1.5397878312E-02   1.4114692398E-01   1.8721778623E-02   1.3450452736E-01
   13      9.2715462602E-04   4.5374864604E-03   1.8721778623E-02   5.0405623952E-02   3.1592988385E-02
   14     -4.0079718698E-03  -2.0639561206E-02   1.3450452736E-01   3.1592988385E-02   2.3550665022E-01
   15     -1.5310543192E-02  -2.4501128415E-03  -5.0211762529E-03  -1.5102900557E-02   2.0395553565E-03
   16     -1.3134554093E-03  -5.0691709294E-04   2.9803194161E-04  -8.6013262716E-04   4.6814100311E-04
   17      2.3026163981E-02   1.6649985794E-03  -8.4010932817E-03  -2.3302509744E-02   1.1090990870E-03
   18      8.7094155048E-04  -5.3060475385E-05   7.9836380883E-05   4.9168281193E-04   3.6788748856E-05
   19      4.0523170237E-03   4.9058024942E-04  -4.4685970239E-03   3.5407683312E-03  -5.6637627029E-04
   20      4.3310856228E-04   1.9921535270E-04   8.2505009065E-04  -3.5902631574E-04   2.6856593583E-04
   21      4.5330613537E-04   3.3703729925E-04  -1.1220172426E-03   4.1713339514E-04  -3.3372047388E-04
   22      2.0388680462E-03   1.2713032759E-03  -1.2170481562E-03   1.9996466510E-03  -1.2369741986E-03
   23      1.7757691553E-04  -4.7259200079E-05   3.1333027041E-04  -1.2746780206E-04  -7.5343645357E-05
   24      1.0309636814E-03   1.4673710390E-04  -1.5417855407E-03   1.0124871390E-03  -1.3481487966E-04
   25     -6.1109908763E-04   4.1191016379E-04   5.0532718186E-04  -6.7480373346E-04  -4.4283777403E-04
   26      8.8902459976E-04  -9.6384298365E-05   1.0133329476E-03  -9.0210865149E-04  -1.2724108282E-04
   27     -2.3652556509E-04  -3.7913087604E-04   3.3106158083E-04  -1.7897849959E-04   3.8333026487E-04
   28      3.3066948980E-04  -6.4569201543E-05  -3.7645260732E-04   3.2880607427E-04   7.1440734910E-05
   29     -4.2881921508E-04   2.2320006863E-05  -3.2315876567E-04   4.4041630360E-04   4.1133400375E-05
   30     -1.8691702095E-05  -1.0399979006E-04   1.5466706200E-05   6.1689458192E-06   1.1181344047E-04
   31      1.4287795433E-05  -3.3916677231E-06  -2.6068666483E-05   1.5293748254E-05   4.0945106359E-06
   32     -1.6567985054E-05   1.3883604023E-06   1.6623872686E-05   1.4057415252E-05   4.5977497684E-06
   33     -2.9683848099E-05   8.6831384170E-06   3.5080824637E-05  -3.5943948349E-05  -1.1597525531E-05
   34     -3.2669746608E-05  -3.3336793886E-05   5.0923121877E-05  -2.5858545568E-05   3.4653974983E-05
   35      2.7930488842E-06  -7.7284673012E-07  -8.5430644235E-06  -3.1814270955E-06  -2.2866749178E-07
   36     -1.9431352260E-05   8.0402069441E-05   6.4757546800E-05  -4.2254959059E-05  -8.9343864335E-05
   37      1.0460190459E-05   7.2803841874E-05  -2.2789806573E-05   5.2424962544E-07  -7.5891552276E-05
   38      1.9504784597E-05  -6.8731185698E-06   1.4788868659E-06  -1.6357726659E-05  -1.0221820119E-05
   39     -5.2451292169E-04  -1.3339905849E-04   8.5435796262E-05  -2.4478050881E-04   1.8396097487E-04
   40      6.3389420784E-04   6.0213010921E-04   1.6852087551E-04   3.3688216430E-04  -3.8405363196E-04
   41      1.8576868968E-04   6.8489691485E-05  -1.3102007187E-04  -3.5005837165E-05   1.9338636678E-04
   42      7.5385739617E-05  -1.9440464892E-06   9.1314434435E-06  -3.3125733666E-05  -2.7201557714E-05
   43     -2.4502171708E-04  -6.2171392673E-05   1.9985023501E-05   5.4175800038E-07  -6.3329444765E-05
   44     -3.5301400038E-05   2.2205254830E-05   5.6775077258E-05   9.2902696096E-06  -1.6890219090E-06
   45      8.6059647278E-04   3.6253644005E-04  -2.1924930333E-04   8.7401599498E-04  -3.2560334184E-04
   46     -4.0076486836E-04  -4.4376189685E-04  -1.0223429115E-04  -2.5599629937E-04   3.7902006051E-04
   47     -9.0717172967E-06  -1.2629108200E-04   6.2418253975E-05  -6.4424592471E-05  -2.7448043177E-04
                   15                 16                 17                 18                 19        
    0     -7.7674057693E-03  -5.5495811101E-03  -1.2571526784E-04  -3.8247341618E-02  -2.9350031507E-02
    1      2.3381781014E-02  -1.3164291736E-02  -4.9643145951E-05  -1.3677148946E-02  -2.9177714631E-01
    2      2.4317125832E-04  -1.8950513578E-04  -2.5405932875E-03  -1.4188844543E-04  -2.3389428430E-03
    3      2.9769377294E-03   1.6122310415E-03   4.4652725105E-05  -6.6185747350E-03   8.9112316897E-03
    4     -3.8439569010E-03   8.5361556833E-03   1.9470881717E-05   3.1377085801E-02   4.5849752104E-02
    5     -8.7027153477E-05   7.0019774953E-05   5.1975133858E-04  -5.5558918209E-04  -4.6398107923E-04
    6     -7.6221370576E-02  -9.4859660148E-02  -1.2196191320E-03  -8.1093474635E-03  -2.9606042034E-04
    7     -9.6815134908E-02  -2.8883645455E-01  -3.1967190172E-03   1.1227330070E-02  -5.6359805074E-02
    8     -1.2052394120E-03  -3.1342906994E-03  -4.3962271203E-02   7.9783196742E-04   2.3575310599E-04
    9     -5.0863584220E-03   1.1128608426E-04   8.2822411236E-03  -1.3753907795E-04  -4.6858717122E-03
   10     -1.5310543192E-02  -1.3134554093E-03   2.3026163981E-02   8.7094155048E-04   4.0523170237E-03
   11     -2.4501128415E-03  -5.0691709294E-04   1.6649985794E-03  -5.3060475385E-05   4.9058024942E-04
   12     -5.0211762529E-03   2.9803194161E-04  -8.4010932817E-03   7.9836380883E-05  -4.4685970239E-03
   13     -1.5102900557E-02  -8.6013262716E-04  -2.3302509744E-02   4.9168281193E-04   3.5407683312E-03
   14      2.0395553565E-03   4.6814100311E-04   1.1090990870E-03   3.6788748856E-05  -5.6637627029E-04
   15      8.4876182525E-02   1.0015294455E-01   1.3401251097E-03   4.2064417704E-03   4.4954401205E-03
   16      1.0015294455E-01   3.1082116124E-01   3.4478790152E-03   5.6357523456E-04  -7.1748354702E-03
   17      1.3401251097E-03   3.4478790152E-03   4.2616095032E-02   1.1653143316E-04   4.6616478238E-05
   18      4.2064417704E-03   5.6357523456E-04   1.1653143316E-04   8.6244101334E-02   5.0058150068E-02
   19      4.4954401205E-03  -7.1748354702E-03   4.6616478238E-05   5.0058150068E-02   3.9533875397E-01
   20      1.8372535953E-04  -4.5102323175E-06   1.2693580367E-03  -1.2717714889E-03   4.3739087826E-03
   21      2.6566490045E-03  -3.6143955235E-03  -1.3162905296E-05  -2.2368071591E-02  -3.5682984700E-02
   22      3.3463352354E-04  -4.0722330317E-03  -1.1752537994E-05  -3.4030133443E-02  -6.9599685512E-02
   23      2.4800125742E-05  -3.0071100923E-05  -6.6171917718E-04  -1.6660035936E-04  -5.7255739769E-04
   24      1.8409623599E-03  -1.5821357715E-03  -5.3006546604E-06  -1.9392523606E-02  -8.0654690856E-03
   25      2.5280249132E-03  -3.9704361978E-03  -1.1857347200E-05  -4.1467829725E-02  -1.9302109803E-02
   26      2.0304690656E-05  -4.7203359572E-05   5.6980826663E-05  -4.1649180000E-04  -2.5476376849E-04
   27     -2.6939938849E-03   2.9286760094E-03   2.2719524165E-06   2.3974362131E-02   2.3407588554E-02
   28     -4.7571199481E-04   2.4085214220E-04  -1.8154891823E-06   4.6609552537E-03  -7.5498350027E-04
   29      4.3447653946E-06   8.1501646967E-06  -1.2075566265E-04   1.5089486052E-04   1.8669293778E-04
   30     -6.0850176407E-04   6.8050913083E-04  -1.8512661531E-06   4.2851608717E-03   6.9655121565E-03
   31     -4.5816504660E-05   1.9523160264E-06  -4.6567723019E-07  -5.8537891292E-04   4.5406125649E-04
   32     -1.4623256797E-05   1.2757252208E-05  -4.4932592826E-05   3.7156669521E-05   1.0948778766E-04
   33      1.2359849942E-04  -1.1954952090E-04   6.7127897745E-07  -1.5676410423E-04  -1.1481954756E-03
   34     -2.4811669191E-04   2.4818515474E-04  -1.8611203543E-07   1.6075582516E-03   2.4821109587E-03
   35     -1.5668110080E-06   1.0308010122E-06   1.3970954950E-05   1.8108794742E-05   1.2611264723E-05
   36      3.6950475307E-04  -5.3015920024E-04   2.1415316688E-06  -4.2029186211E-03  -4.5830136684E-03
   37      4.1927461701E-04  -3.5496626847E-04   1.3891957748E-06  -1.9798264438E-03  -4.1758947781E-03
   38      1.9824360194E-05  -1.8531036734E-05   2.3737655105E-05  -6.3590272978E-05  -1.2866964062E-04
   39     -4.0531946696E-04   5.3317903798E-04  -5.6982572165E-05  -9.7361877175E-03  -6.3196580502E-03
   40     -8.1511120634E-04   5.4934612669E-04   1.6231513925E-04  -4.1308743601E-03   1.5124057494E-03
   41      1.8667898738E-04  -2.4201029904E-04   1.3761621720E-04   1.5605844880E-03  -4.9511550714E-04
   42      1.5867502583E-05   1.7645487397E-05   1.7360989037E-05  -1.2336915544E-03   4.5943949049E-04
   43      9.8002479661E-05  -3.1738224401E-05  -8.9467443797E-05   5.9713858584E-07  -3.3159506210E-04
   44     -4.1236768052E-05   1.8805184086E-04   8.3596366074E-06   1.0818590544E-03   2.9060507000E-03
   45      7.3798199168E-04  -5.8572046309E-04   1.8911409438E-05  -8.5869423995E-03   3.0642846657E-04
   46      1.1903139495E-03  -6.1910914963E-04  -4.6232494028E-05  -4.9905932510E-03  -3.7541138825E-03
   47     -2.6390624400E-04  -1.6176578301E-05  -8.9695440262E-05  -1.1228414411E-03  -3.5299922948E-03
                   20                 21                 22                 23                 24        
    0      6.8533927780E-05  -8.5531590476E-03  -3.9585313637E-03  -1.3940757117E-04  -4.6437281689E-02
    1     -4.2903298858E-03  -2.5010085338E-03   3.8542714757E-02   7.3158257015E-05   4.2309852542E-02
    2     -3.0308956913E-02   1.0413388314E-04   6.1277191615E-04   6.6402206516E-03   5.2021270804E-04
    3      7.8518620089E-05  -1.2931626826E-01  -1.0989817390E-01  -1.4088874770E-03  -1.7920341577E-01
    4      2.1421187857E-04  -1.0325803982E-01  -3.9918854631E-01  -3.7474282256E-03   6.3037175215E-02
    5      1.0164425095E-04  -1.4887853149E-03  -4.1288218407E-03  -7.0121611145E-02   3.8175633703E-04
    6     -3.2058732700E-04  -6.8088253377E-03  -9.7957513492E-03  -1.2325169262E-04  -8.3214958306E-03
    7     -5.0242277013E-04  -4.3511731764E-03  -1.9902278758E-03  -4.4234644101E-05  -3.2565832194E-03
    8      2.5264791205E-03  -3.5735221261E-05   5.2341731213E-05   3.8783666938E-04  -1.9061463299E-05
    9     -9.0589446207E-04  -1.1215867113E-03  -1.2452751706E-03  -3.3478339392E-04  -1.5575886437E-03
   10      4.3310856228E-04   4.5330613537E-04   2.0388680462E-03   1.7757691553E-04   1.0309636814E-03
   11      1.9921535270E-04   3.3703729925E-04   1.2713032759E-03  -4.7259200079E-05   1.4673710390E-04
   12      8.2505009065E-04  -1.1220172426E-03  -1.2170481562E-03   3.1333027041E-04  -1.5417855407E-03
   13     -3.5902631574E-04   4.1713339514E-04   1.9996466510E-03  -1.2746780206E-04   1.0124871390E-03
   14      2.6856593583E-04  -3.3372047388E-04  -1.2369741986E-03  -7.5343645357E-05  -1.3481487966E-04
   15      1.8372535953E-04   2.6566490045E-03   3.3463352354E-04   2.4800125742E-05   1.8409623599E-03
   16     -4.5102323175E-06  -3.6143955235E-03  -4.0722330317E-03  -3.0071100923E-05  -1.5821357715E-03
   17      1.2693580367E-03  -1.3162905296E-05  -1.1752537994E-05  -6.6171917718E-04  -5.3006546604E-06
   18     -1.2717714889E-03  -2.2368071591E-02  -3.4030133443E-02  -1.6660035936E-04  -1.9392523606E-02
   19      4.3739087826E-03  -3.5682984700E-02  -6.9599685512E-02  -5.7255739769E-04  -8.0654690856E-03
   20      2.0379930796E-02  -1.3391036295E-04  -4.6915280046E-04   5.6310202682E-03   3.7535510377E-05
   21     -1.3391036295E-04   1.5248383571E-01   1.3819882024E-01   1.9176357926E-03   1.6865955500E-02
   22     -4.6915280046E-04   1.3819882024E-01   5.4030322352E-01   5.6686725746E-03  -8.0260718697E-03
   23      5.6310202682E-03   1.9176357926E-03   5.6686725746E-03   4.3513874076E-02  -2.2208476803E-06
   24      3.7535510377E-05   1.6865955500E-02  -8.0260718697E-03  -2.2208476803E-06   4.3826133628E-01
   25      2.1058535018E-04   6.0831651997E-04  -1.0428530983E-01  -1.2531275284E-03   8.8638634269E-02
   26     -1.0267671749E-03   5.9817400639E-05  -1.1854523186E-03   9.9424455136E-03   2.0086255594E-03
   27     -5.8598413057E-05   1.4072650462E-02   2.6819834829E-02   2.4101931382E-04  -1.9788708562E-01
   28     -8.7448543165E-05   8.8348068071E-03  -7.5807619846E-04  -7.8175851200E-05  -1.7354343547E-01
   29     -9.0974637030E-04   8.5167925080E-05  -6.9199751907E-05   4.9724740525E-03  -2.7533336642E-03
   30     -2.8933613956E-05  -1.3131289269E-02   2.9767329946E-06  -2.1996488761E-04   1.7236534401E-03
   31      6.8536927488E-06   9.0376875673E-04   4.0787366688E-03   1.6412552115E-05  -2.7681370850E-03
   32      1.8606792817E-05  -1.1503608357E-04   9.1899179442E-05   3.0534115175E-03   2.7996839497E-06
   33      1.4550867091E-05  -8.0759023115E-04  -1.9957842123E-03  -2.0213230453E-05   1.1503982658E-03
   34      3.8113498765E-06   5.3700637201E-05   1.6301031724E-03   1.5655974160E-05   3.9272140153E-04
   35     -3.8401345773E-05  -1.4688717084E-05   1.5028323616E-06  -4.1888857055E-04   8.8884329126E-06
   36      5.0457602447E-05  -2.5686688975E-03   5.4843861932E-03   9.0505187909E-05  -5.4921850480E-03
   37      1.1904988133E-06   8.1104076463E-04  -6.9034656993E-03  -1.5669654865E-05   5.5350365030E-04
   38      4.4727033035E-05  -7.4639059547E-05  -1.1847601812E-04  -3.0261943800E-03  -8.0216534972E-05
   39      1.5455001449E-03   1.9978583524E-03   3.6641619182E-03  -1.2074602350E-04   5.8970034968E-04
   40      4.8070743420E-04   1.3459951063E-03   3.3722565752E-03  -5.5573145231E-05  -2.2721247072E-04
   41      1.3646817043E-03  -1.0099031697E-03  -1.8407839604E-03  -2.3421249205E-04  -3.2962804998E-04
   42     -3.1568058864E-04   1.7404290027E-04   3.0381428345E-04   8.6719686209E-05   2.4290942434E-05
   43     -1.1811111501E-04   8.4648639893E-05  -1.8100903035E-05   5.5177377869E-05   2.6383406547E-04
   44     -3.0753053822E-05   7.5799641563E-04   1.3872644443E-03  -3.9023628369E-05   1.8412359114E-04
   45      2.2358158231E-04  -2.4535153403E-03  -4.6158127691E-03  -1.3973206659E-04  -6.2293540099E-04
   46      9.5321608168E-05  -2.3299807349E-03  -5.1499040342E-03  -8.6953249958E-05  -1.4435078406E-04
   47      5.1039556721E-04  -4.0410234865E-05  -2.0537578352E-05   4.8296948952E-04   2.4555702707E-06
                   25                 26                 27                 28                 29        
    0      4.2713952080E-02   4.2845232772E-04  -2.7901977969E-02  -4.6108239473E-04  -1.4024548157E-05
    1      1.8012174036E-02   7.7070959543E-05  -2.0431631529E-02   1.6242715274E-03  -8.2915789998E-05
    2      4.6836164603E-07   1.3027804085E-02  -2.4158176405E-04   1.1983493326E-05   1.2596564413E-03
    3      1.1863298509E-01   1.2210385353E-03   1.2259611688E-03  -2.1419847020E-02  -2.9182218281E-04
    4     -1.0708113821E-01  -8.7281369692E-04  -1.6568079389E-02  -5.4093272753E-02  -5.1521698455E-04
    5     -7.7987979903E-04  -5.4955891748E-02   8.8514255334E-05  -6.5393622791E-04   6.8400531442E-04
    6     -1.1088697623E-02  -1.2920598506E-04   8.7082029388E-03   8.9735925613E-04  -6.6367585636E-06
    7      1.5676304977E-03  -1.5675960072E-05   1.5726074294E-03  -1.7710377737E-03  -3.1128782932E-05
    8      1.5472496490E-04   5.6813144243E-03  -7.4827711903E-05  -1.8982831849E-05  -1.3353441042E-03
    9      4.5554772495E-04  -1.0000825607E-03   3.6630939217E-04  -3.7939669551E-04   3.0805807961E-04
   10     -6.1109908763E-04   8.8902459976E-04  -2.3652556509E-04   3.3066948980E-04  -4.2881921508E-04
   11      4.1191016379E-04  -9.6384298365E-05  -3.7913087604E-04  -6.4569201543E-05   2.2320006863E-05
   12      5.0532718186E-04   1.0133329476E-03   3.3106158083E-04  -3.7645260732E-04  -3.2315876567E-04
   13     -6.7480373346E-04  -9.0210865149E-04  -1.7897849959E-04   3.2880607427E-04   4.4041630360E-04
   14     -4.4283777403E-04  -1.2724108282E-04   3.8333026487E-04   7.1440734910E-05   4.1133400375E-05
   15      2.5280249132E-03   2.0304690656E-05  -2.6939938849E-03  -4.7571199481E-04   4.3447653946E-06
   16     -3.9704361978E-03  -4.7203359572E-05   2.9286760094E-03   2.4085214220E-04   8.1501646967E-06
   17     -1.1857347200E-05   5.6980826663E-05   2.2719524165E-06  -1.8154891823E-06  -1.2075566265E-04
   18     -4.1467829725E-02  -4.1649180000E-04   2.3974362131E-02   4.6609552537E-03   1.5089486052E-04
   19     -1.9302109803E-02  -2.5476376849E-04   2.3407588554E-02  -7.5498350027E-04   1.8669293778E-04
   20      2.1058535018E-04  -1.0267671749E-03  -5.8598413057E-05  -8.7448543165E-05  -9.0974637030E-04
   21      6.0831651997E-04   5.9817400639E-05   1.4072650462E-02   8.8348068071E-03   8.5167925080E-05
   22     -1.0428530983E-01  -1.1854523186E-03   2.6819834829E-02  -7.5807619846E-04  -6.9199751907E-05
   23     -1.2531275284E-03   9.9424455136E-03   2.4101931382E-04  -7.8175851200E-05   4.9724740525E-03
   24      8.8638634269E-02   2.0086255594E-03  -1.9788708562E-01  -1.7354343547E-01  -2.7533336642E-03
   25      5.1245999696E-01   6.4249910337E-03  -2.0009113608E-01  -2.9168373380E-01  -4.2917399108E-03
   26      6.4249910337E-03   4.4443450551E-02  -3.1134691829E-03  -4.0112539806E-03  -1.6797804275E-02
   27     -2.0009113608E-01  -3.1134691829E-03   1.7858736417E-01   1.8148570643E-01   2.8328509322E-03
   28     -2.9168373380E-01  -4.0112539806E-03   1.8148570643E-01   3.4609682727E-01   4.7707819609E-03
   29     -4.2917399108E-03  -1.6797804275E-02   2.8328509322E-03   4.7707819609E-03   1.2099505829E-02
   30      1.7362104759E-03  -1.1958680125E-05  -4.5124335890E-03   1.5042884573E-04  -4.8977561989E-06
   31      3.5547134230E-04  -3.5502041415E-05   1.2847483142E-04   6.3282619898E-04   6.7414172002E-06
   32      3.4874431305E-05   1.0469709934E-03  -7.3617006627E-05   9.2046222281E-06  -7.9516010746E-06
   33     -7.2658019646E-04   1.5526274861E-05   1.0496486012E-03  -7.2017498480E-04  -2.3145245922E-06
   34     -3.4629472312E-04   3.1446426747E-06  -1.5255717076E-03  -2.0593697073E-04  -3.7214578681E-06
   35      2.1442875194E-06  -9.6586345893E-04  -5.9051115880E-06  -1.1497203290E-05   6.6877003108E-05
   36     -1.2391256938E-03  -2.2146168233E-05   4.2667935294E-03   8.1920998594E-04   1.8079803127E-05
   37     -3.0448181771E-03  -2.9954177412E-05   2.2377791146E-03  -2.2438226941E-04  -4.0363438956E-07
   38     -9.8994238002E-05  -2.3281814883E-04   1.0580162301E-04   9.0523081326E-06  -1.1355503894E-04
   39      3.4673231559E-03   5.1116853446E-05  -2.3288614961E-03  -3.0148708977E-04  -9.9788911847E-05
   40      3.7584119269E-03   3.2442357397E-05  -2.0047507056E-03  -8.0641206905E-04  -3.2144960862E-05
   41     -1.4907764906E-03   1.1391619256E-04   1.1044140027E-03   1.3679691694E-04  -3.0013396605E-04
   42      7.3564153591E-06  -6.4049966671E-05  -5.5014458629E-05  -9.2489729523E-05   1.5137506769E-04
   43     -5.0753511414E-04  -2.2239517584E-05   7.0551742611E-05   1.8034368078E-04   4.4371563951E-05
   44      1.5009598231E-03   1.0608690362E-05  -9.7233786727E-04  -1.4738054499E-04   1.6517783397E-05
   45     -4.3060847151E-03  -2.9368648512E-05   2.7970130424E-03   4.1436385933E-04  -7.9269396124E-05
   46     -4.6464060781E-03  -2.3525007001E-05   2.8927020806E-03   8.6323894724E-04  -3.1598278433E-05
   47     -3.9762644211E-04  -1.2072109016E-04   1.8574066367E-04   9.5534255923E-05   4.2280118668E-04
                   30                 31                 32                 33                 34        
    0     -6.7137595460E-03  -1.1050406607E-04  -1.0162758614E-04   1.1846313918E-03  -1.8961992510E-03
    1     -9.9133108855E-03  -3.6810507653E-04  -1.5717165343E-04   1.5723250735E-03  -3.2542666606E-03
    2     -9.3909207444E-05   1.3587681079E-06  -3.7429948299E-05   8.0300936907E-06  -3.9143123241E-05
    3     -9.7204783297E-05   3.1004154461E-03  -1.6967182804E-05  -3.1443898477E-03  -2.2433591793E-04
    4     -1.8114947386E-03  -3.5801182548E-03  -1.6314757273E-04   3.3625419350E-03  -1.4894783653E-03
    5      6.9271162489E-05  -5.6496782580E-06  -1.0319998473E-03  -4.9098154050E-06  -4.2317648225E-06
    6      2.5511999297E-03  -6.1196576582E-05   4.7375084592E-05  -3.8230411826E-04   8.6479023634E-04
    7      3.8981486980E-04  -3.4922263807E-05   1.2359104449E-05  -1.9980713781E-05   2.4398574575E-04
    8     -4.8028606775E-05  -4.7059762631E-07  -1.0264453268E-04   1.3739582172E-05  -9.4500046675E-06
    9      3.3032266170E-05  -2.4454071050E-05  -1.5287294409E-05   3.0819089872E-05   5.3843250667E-05
   10     -1.8691702095E-05   1.4287795433E-05  -1.6567985054E-05  -2.9683848099E-05  -3.2669746608E-05
   11     -1.0399979006E-04  -3.3916677231E-06   1.3883604023E-06   8.6831384170E-06  -3.3336793886E-05
   12      1.5466706200E-05  -2.6068666483E-05   1.6623872686E-05   3.5080824637E-05   5.0923121877E-05
   13      6.1689458192E-06   1.5293748254E-05   1.4057415252E-05  -3.5943948349E-05  -2.5858545568E-05
   14      1.1181344047E-04   4.0945106359E-06   4.5977497684E-06  -1.1597525531E-05   3.4653974983E-05
   15     -6.0850176407E-04  -4.5816504660E-05  -1.4623256797E-05   1.2359849942E-04  -2.4811669191E-04
   16      6.8050913083E-04   1.9523160264E-06   1.2757252208E-05  -1.1954952090E-04   2.4818515474E-04
   17     -1.8512661531E-06  -4.6567723019E-07  -4.4932592826E-05   6.7127897745E-07  -1.8611203543E-07
   18      4.2851608717E-03  -5.8537891292E-04   3.7156669521E-05  -1.5676410423E-04   1.6075582516E-03
   19      6.9655121565E-03   4.5406125649E-04   1.0948778766E-04  -1.1481954756E-03   2.4821109587E-03
   20     -2.8933613956E-05   6.8536927488E-06   1.8606792817E-05   1.4550867091E-05   3.8113498765E-06
   21     -1.3131289269E-02   9.0376875673E-04  -1.1503608357E-04  -8.0759023115E-04   5.3700637201E-05
   22      2.9767329946E-06   4.0787366688E-03   9.1899179442E-05  -1.9957842123E-03   1.6301031724E-03
   23     -2.1996488761E-04   1.6412552115E-05   3.0534115175E-03  -2.0213230453E-05   1.5655974160E-05
   24      1.7236534401E-03  -2.7681370850E-03   2.7996839497E-06   1.1503982658E-03   3.9272140153E-04
   25      1.7362104759E-03   3.5547134230E-04   3.4874431305E-05  -7.2658019646E-04  -3.4629472312E-04
   26     -1.1958680125E-05  -3.5502041415E-05   1.0469709934E-03   1.5526274861E-05   3.1446426747E-06
   27     -4.5124335890E-03   1.2847483142E-04  -7.3617006627E-05   1.0496486012E-03  -1.5255717076E-03
   28      1.5042884573E-04   6.3282619898E-04   9.2046222281E-06  -7.2017498480E-04  -2.0593697073E-04
   29     -4.8977561989E-06   6.7414172002E-06  -7.9516010746E-06  -2.3145245922E-06  -3.7214578681E-06
   30      4.9520567496E-01  -6.9524075708E-02   5.4403576152E-03  -4.1168754972E-02   3.4528499001E-02
   31     -6.9524075708E-02   5.9858270174E-01   9.2076465692E-03  -2.2288778885E-02  -5.3821772225E-01
   32      5.4403576152E-03   9.2076465692E-03   1.5768179798E-02  -9.2383545553E-04  -8.8450373309E-03
   33     -4.1168754972E-02  -2.2288778885E-02  -9.2383545553E-04   4.8388689577E-02  -2.8798872995E-02
   34      3.4528499001E-02  -5.3821772225E-01  -8.8450373309E-03  -2.8798872995E-02   5.5434646933E-01
   35      8.1028127305E-05  -9.6732790464E-03  -3.7667533967E-03   1.5528187698E-04   9.2643536714E-03
   36     -4.3779472884E-01   9.1187139472E-02  -4.3156488979E-03  -6.2288260389E-03  -4.9628052142E-03
   37      3.6558862863E-02  -6.1959761334E-02  -3.0642923459E-04   5.1064710737E-02  -1.5490208064E-02
   38     -5.2729002119E-03   4.6469044358E-04  -1.4864645389E-02   7.6393348492E-04  -3.9905622048E-04
   39     -1.0017818575E-03  -1.0223473612E-04   1.6019442712E-06   2.9003076928E-04  -2.6462667754E-04
   40     -9.5717520977E-04  -1.5230672496E-05   5.6187888311E-06   2.6721450238E-04  -2.6959684232E-04
   41      3.6766977547E-04   2.5527760709E-05   1.0957150759E-04  -9.2550881896E-05   1.1198100594E-04
   42      9.5216129110E-05   2.6376256918E-05  -2.2970004357E-05  -4.5350078277E-05   2.4191872256E-07
   43      1.7010012138E-04  -1.3985771159E-06  -2.0576744611E-05  -6.3032925419E-05   3.5280529908E-05
   44     -4.1295770160E-04  -2.6381550945E-05  -2.1448769453E-05   1.1024471222E-04  -1.0651543693E-04
   45      1.1190503117E-03   1.1791981266E-04   4.6247602558E-05  -3.1891762874E-04   3.3319750658E-04
   46      1.1082157365E-03   4.1927364014E-05   2.6946338711E-05  -2.8516141318E-04   3.4589728021E-04
   47      1.3671189620E-04  -4.1064226715E-06  -1.2492064252E-04  -3.3797078622E-05   2.1294921651E-05
                   35                 36                 37                 38                 39        
    0     -5.6545745974E-06   6.0009178827E-03   3.0134334273E-03   1.3154826250E-04  -6.2811056342E-03
    1     -1.3850658546E-05   7.6110172722E-03   4.7876829710E-03   1.8290035825E-04  -3.4920493207E-03
    2      1.1070856292E-04   6.3555044118E-05   5.0738487911E-05   3.1087534263E-05   3.0455919029E-04
    3     -2.0820887402E-05   1.7739730266E-04  -5.7177315798E-03   2.1058709662E-05  -6.5145041885E-04
    4      1.1739802036E-05  -8.1565799953E-03   6.5027303754E-03   1.7064713480E-04  -7.7131441200E-03
    5      6.5856298785E-04  -1.8602972052E-04  -1.2126480269E-05   9.6605790598E-04   4.4052925733E-04
    6      6.1185511163E-06  -2.2098106235E-03  -1.2181311863E-03  -6.6098256039E-05   1.5260721642E-03
    7     -2.0203616980E-07   7.6856284788E-06  -1.5152452183E-04  -9.3042651266E-06   1.3051945350E-03
    8      2.8521927181E-05   5.3240698427E-05   1.3639623405E-05   2.0933764697E-04  -3.4203104962E-04
    9      9.6527369863E-06   4.7004058949E-05  -2.8464208667E-05  -2.2901573650E-06   9.3524792739E-05
   10      2.7930488842E-06  -1.9431352260E-05   1.0460190459E-05   1.9504784597E-05  -5.2451292169E-04
   11     -7.7284673012E-07   8.0402069441E-05   7.2803841874E-05  -6.8731185698E-06  -1.3339905849E-04
   12     -8.5430644235E-06   6.4757546800E-05  -2.2789806573E-05   1.4788868659E-06   8.5435796262E-05
   13     -3.1814270955E-06  -4.2254959059E-05   5.2424962544E-07  -1.6357726659E-05  -2.4478050881E-04
   14     -2.2866749178E-07  -8.9343864335E-05  -7.5891552276E-05  -1.0221820119E-05   1.8396097487E-04
   15     -1.5668110080E-06   3.6950475307E-04   4.1927461701E-04   1.9824360194E-05  -4.0531946696E-04
   16      1.0308010122E-06  -5.3015920024E-04  -3.5496626847E-04  -1.8531036734E-05   5.3317903798E-04
   17      1.3970954950E-05   2.1415316688E-06   1.3891957748E-06   2.3737655105E-05  -5.6982572165E-05
   18      1.8108794742E-05  -4.2029186211E-03  -1.9798264438E-03  -6.3590272978E-05  -9.7361877175E-03
   19      1.2611264723E-05  -4.5830136684E-03  -4.1758947781E-03  -1.2866964062E-04  -6.3196580502E-03
   20     -3.8401345773E-05   5.0457602447E-05   1.1904988133E-06   4.4727033035E-05   1.5455001449E-03
   21     -1.4688717084E-05  -2.5686688975E-03   8.1104076463E-04  -7.4639059547E-05   1.9978583524E-03
   22      1.5028323616E-06   5.4843861932E-03  -6.9034656993E-03  -1.1847601812E-04   3.6641619182E-03
   23     -4.1888857055E-04   9.0505187909E-05  -1.5669654865E-05  -3.0261943800E-03  -1.2074602350E-04
   24      8.8884329126E-06  -5.4921850480E-03   5.5350365030E-04  -8.0216534972E-05   5.8970034968E-04
   25      2.1442875194E-06  -1.2391256938E-03  -3.0448181771E-03  -9.8994238002E-05   3.4673231559E-03
   26     -9.6586345893E-04  -2.2146168233E-05  -2.9954177412E-05  -2.3281814883E-04   5.1116853446E-05
   27     -5.9051115880E-06   4.2667935294E-03   2.2377791146E-03   1.0580162301E-04  -2.3288614961E-03
   28     -1.1497203290E-05   8.1920998594E-04  -2.2438226941E-04   9.0523081326E-06  -3.0148708977E-04
   29      6.6877003108E-05   1.8079803127E-05  -4.0363438956E-07  -1.1355503894E-04  -9.9788911847E-05
   30      8.1028127305E-05  -4.3779472884E-01   3.6558862863E-02  -5.2729002119E-03  -1.0017818575E-03
   31     -9.6732790464E-03   9.1187139472E-02  -6.1959761334E-02   4.6469044358E-04  -1.0223473612E-04
   32     -3.7667533967E-03  -4.3156488979E-03  -3.0642923459E-04  -1.4864645389E-02   1.6019442712E-06
   33      1.5528187698E-04  -6.2288260389E-03   5.1064710737E-02   7.6393348492E-04   2.9003076928E-04
   34      9.2643536714E-03  -4.9628052142E-03  -1.5490208064E-02  -3.9905622048E-04  -2.6462667754E-04
   35      1.2252227670E-03  -2.2568483151E-04   3.9144159193E-04   3.0817512097E-03  -2.0185927281E-06
   36     -2.2568483151E-04   4.4768800580E-01  -8.5462445238E-02   4.5648628079E-03   7.8097178870E-04
   37      3.9144159193E-04  -8.5462445238E-02   8.1180610728E-02  -4.4344882191E-05   5.1266465489E-04
   38      3.0817512097E-03   4.5648628079E-03  -4.4344882191E-05   1.3852170512E-02  -9.6115353917E-06
